6924
6308
5630
6146
7274
5758
9292
9472
9176
9500
10652
10656
10802
11936
11972
11370
11954
67724
14786
18570
15160
15548
20528
18020
20536
22482
23456
23034
24454
22866
22866
23894
28100
26104
27350
28612
27808
25670
36644
28162
27432
30722
29634
31312
32528
35106
36412
43288
35650
36042
38688
42702
41718
37364
32806
35460
33298
34604
35154
39388
36490
43850
43876
48292
51810
48840
47118
48432
53182
53582
53368
51838
52240
51108
54328
55208
57632
55394
56298
53454
51806
49676
50104
53828
51144
53496
55548
56226
80506
24890
25158
24724
22702
24424
24054
27384
26932
25278
27176
30258
24974
28014
27260
27136
27830
29290
27972
33998
33132
34180
35440
37418
28696
35360
41922
39052
38018
38166
40124
32394
36878
32332
32568
32450
35282
35348
34144
34324
34926
35338
35334
34660
34498
35692
37034
37930
38318
36728
37578
41966
40620
38440
41022
45690
47136
50270
46326
43330
41666
50276
48848
88434
50192
51760
44984
41266
40442
43230
40740
42154
43714
43078
44098
45892
43116
44360
42894
43412
47036
44296
50320
47538
47226
57604
84978
52306
52812
44408
56204
59536
58620
59038
58678
59222
61034
61716
52406
48332
48658
50188
47626
48438
49738
54112
63094
64052
67176
64160
53616
75566
54060
51136
56176
55268
52802
53210
52220
64964
68490
66140
53610
54924
56520
57784
56666
59020
60202
59990
55276
65192
69054
75830
72620
62630
78336
72626
62054
63430
60794
61996
61432
61416
61666
60638
61760
66912
67132
63664
65672
73506
91412
84924
104782
84206
75212
68518
71390
69418
64764
76762
70760
76310
72450
86756
72062
81094
74676
75114
72202
77338
75690
73228
80234
74388
75248
88652
74700
70556
76464
80656
94630
79848
74446
84672
76150
80976
78496
77930
74600
74806
89616
75804
73786
82718
81122
100306
85386
75502
76686
95260
80950
84520
80170
81924
80094
85912
84998
79944
90286
94626
85024
85370
83448
88202
106080
86756
86016
92126
94006
108832
94668
91870
94298
110802
88396
95264
92368
87416
107500
86974
90794
87602
114710
89602
95686
93808
120620
110162
92274
101248
98862
94358
100588
91862
97844
105098
101918
98538
94340
102734
94806
93026
96258
117612
92638
98218
102090
99678
97906
97750
106216
98474
113054
99172
100964
98036
99850
102926
100476
105836
119876
105054
103744
107390
102850
108202
106038
111312
120888
105936
111650
108066
108886
115926
114848
112584
141488
119462
114122
107228
115726
109686
109834
112564
113508
111598
109144
112084
110014
141762
121392
122588
113688
115770
114270
123614
129382
141280
137406
113496
117794
115036
115058
113002
145626
120188
131528
118076
123284
122354
116716
123456
124684
116960
116140
130784
149250
124000
116454
121986
126126
126196
155876
122726
130024
132150
123074
144162
131732
139980
132724
127112
126820
160488
124440
125984
135726
130308
140184
139192
131198
129482
130202
137298
143542
132562
130732
133946
136080
158246
142934
140488
190540
138158
132302
132786
150266
140148
134558
139120
129894
135744
133450
131256
141468
131536
135472
136920
137850
132946
136980
137270
144848
138828
136904
139366
140266
136756
137948
139116
141538
140422
137810
151738
144044
142536
238472
144288
147140
149702
146138
150496
150762
143426
148996
142258
148564
157734
166392
152672
146446
155940
156150
147022
151760
151970
150042
153036
150592
146974
153038
151578
155734
152268
145500
160022
166296
151486
154668
150442
150490
159528
151574
157622
157474
160040
178068
166716
163808
157546
164012
172278
154504
171250
155210
156858
160022
158272
161578
172312
163058
162408
163264
158176
165138
159682
162044
161752
260514
161222
166242
161414
170096
164666
169768
183208
167218
178828
176094
165458
164524
161862
170058
166950
180384
182924
172722
195068
171100
173590
181654
184464
166952
198846
171456
175072
181546
188060
183472
177872
196216
173820
172774
185192
175370
175794
171584
175844
171226
182786
173308
180916
190686
193362
178754
179466
183272
182418
186518
179432
180720
188858
201976
183864
198342
179090
183508
187772
187954
180390
188410
182930
195164
186928
198896
183118
181642
185296
185790
187870
208492
188628
191612
187404
189288
210552
203356
201014
206096
199500
186892
214476
198510
197762
192290
185408
216698
197810
197664
188348
209462
208488
190908
238920
203502
195884
203912
199574
201298
201708
211688
206240
204494
207396
193722
197564
208786
298104
209378
202046
227302
206290
202616
215518
202592
203240
202408
231960
238426
223140
199516
196302
208030
201696
217042
211036
202398
211908
207628
209586
213708
202542
222816
204402
221026
232820
205094
238370
221414
219380
208820
234092
216180
224130
210722
209552
216586
220006
214640
230626
220678
283050
275258
271970
258780
274572
295060
251478
226124
231446
280104
242340
218756
237836
224878
225766
219460
277346
223194
228634
228340
226946
226536
218620
223084
296236
250160
222620
229676
228940
222528
226004
229226
223644
249320
224014
228202
240834
226526
231368
243328
266522
230330
232446
243050
228040
231726
249344
277846
226418
246834
234154
229482
237154
258082
250180
232072
237856
232130
254868
241700
244060
243434
244618
236960
241114
243148
248776
311516
233360
234976
238136
233958
236014
234176
241926
242732
253482
237466
248050
242402
256628
233282
236264
241722
237672
237980
235090
288898
238116
243360
237296
251912
238024
239510
249706
275828
261560
293858
349616
280248
369626
306510
332138
350824
425942
327440
332258
325986
308948
326740
330132
314840
343142
341268
310470
317418
300656
278412
279376
309528
316572
277148
286500
281480
288720
316366
381002
369394
366844
329654
333488
345134
352934
339572
331482
324576
323116
311380
271894
282420
279856
279194
263108
272362
270566
278384
283378
301644
318162
349702
333488
310562
275196
267758
266402
319714
303238
283056
267020
278678
271276
302238
267326
290364
278938
283170
275018
274488
280150
296864
283204
298804
276676
283938
278622
274860
277726
295342
292378
281630
279776
302232
294854
288464
281204
273472
296468
277212
287738
317344
285192
296582
304730
299060
342788
284726
286214
297966
282482
294788
286048
286010
283048
290276
296636
349268
324332
305090
334694
319064
356254
357772
339052
294908
307482
306516
292132
302752
309334
304356
299986
301518
368152
291722
289244
291242
291224
308014
298002
296698
297200
302514
290588
300972
338690
293050
297728
297992
317392
294002
298198
305096
337826
301054
301484
291562
292460
314092
301776
337208
316682
313674
304830
316962
373958
316158
317898
331282
334584
345248
447340
391728
350330
314418
333566
375348
338962
341608
334450
354066
321258
331126
318916
312696
312976
334882
320650
325602
328898
308012
320620
321542
340224
329816
326468
317354
315722
315278
328728
328494
315750
327648
313648
329596
318952
330874
340024
323722
340710
321740
338712
317298
322666
332684
344142
336218
349720
332508
335916
353960
387402
318898
322926
325344
364426
318712
326830
331358
347196
329680
356322
374384
395004
346626
416292
354564
419980
420168
350890
357746
379998
374666
364602
349560
350210
332404
343096
327978
328496
354858
353768
336044
337486
381088
335612
359128
374580
330862
336378
359118
339998
337964
335612
357614
327618
375710
328720
351186
352036
347204
349500
342236
364836
348962
348906
336402
342172
343850
358220
361892
337556
342506
337850
344790
341412
357726
358666
381694
333766
336334
340776
344668
382084
364966
396672
364244
491620
370326
420002
420520
396132
377354
401098
368720
380300
378198
369258
365318
353550
347778
351884
379610
389200
385524
358088
366034
387566
352602
394242
386474
363708
374748
384010
367464
356714
391656
369740
356758
432710
345302
359014
354008
365308
343010
367060
347466
379634
369056
359024
402166
356382
381296
383146
450412
384920
391616
359936
404622
360406
373896
379460
393882
393394
398710
404052
485260
422720
507670
471426
446464
391710
408122
408930
411318
394860
366338
409554
394174
406388
399906
368550
378428
377464
374496
396956
403516
400690
390874
371366
394014
414814
447490
393770
437370
372030
394002
376926
431652
396818
384414
375024
375022
379844
386752
410584
406404
410268
406154
401598
387760
398090
427044
407808
413676
418272
378530
401054
395192
464944
424874
487948
443000
466930
402986
478156
403408
497218
421462
410218
463744
395554
406446
436818
426406
392982
433178
417168
435166
456996
392648
432478
399252
414670
418686
416462
408720
393628
425926
407050
395054
380310
388390
410304
389798
420202
403410
417284
433552
437238
405682
403068
406098
418172
434196
394928
431062
463428
387920
395908
410494
418526
427896
431906
425764
585516
563616
468326
415392
423290
419266
471170
511544
439646
434952
441290
464438
440058
445832
417074
423546
451128
458214
474364
418370
428926
430564
406446
464762
400470
398234
483710
418422
404940
444472
445956
441276
429582
420022
437982
401124
424008
408202
432530
441112
434938
428386
426708
432636
428684
456888
445228
435094
435844
460036
644126
515594
493984
504488
473200
504672
520480
465632
485750
483406
493582
444156
469272
462634
465020
457894
453072
458546
440812
461108
460788
460824
467598
421792
435680
467138
435396
443476
454244
460206
440302
452824
539440
541868
458138
476842
522582
590816
591830
619734
454418
517546
570664
633824
574464
660852
547668
493092
492668
467274
481926
475074
495660
465034
487142
490170
469160
457140
478378
484144
485632
461798
469542
458498
484664
483960
455618
457798
445120
479306
522370
541320
534622
568188
554750
533616
499900
536734
487526
496490
577548
559932
499784
517538
505228
500436
567774
480620
477092
622782
507836
494976
540226
479288
476712
502804
507990
529328
512550
474574
519348
504548
488332
493246
483468
517006
493962
511440
620640
573024
514730
499542
496648
490748
531626
507268
517860
485720
491504
474946
483138
517058
533956
499704
484046
493418
488888
496394
532586
490218
531168
548142
506772
521908
683584
544418
596422
506522
532892
717560
653622
541656
516392
535910
476982
511470
584932
500756
481870
502778
510522
525632
513450
488890
529062
501080
517232
523318
502912
510414
552428
539178
491040
500486
513408
541712
509932
499008
490610
526508
589214
502590
511636
508054
560232
547914
637450
701054
535820
555882
522882
588220
685530
620380
516166
533816
508024
511038
511502
490824
534832
566216
518488
513456
497018
526060
537760
515886
540532
525208
525688
525264
510938
525142
520314
522892
523714
536994
507086
520894
526376
511828
516514
582954
563802
529984
624918
597662
701226
594028
679924
581212
569312
750412
664432
530250
555348
519562
517312
536900
537622
533794
530152
528018
544678
553322
528542
537370
545440
568358
535654
553246
565238
520110
537296
568348
530108
581252
599828
548446
524916
531236
518118
563142
591664
570244
577336
578236
642002
950694
626576
642586
580656
753136
696870
557464
521568
551286
547138
535930
537884
579732
543556
548940
565854
545560
558354
567416
543628
543562
536786
534076
535454
600532
541798
543400
550294
544124
555108
594370
540078
556414
677044
568474
555232
554064
554286
586160
646634
715152
583972
743772
633536
710454
636668
548878
567568
576356
577382
582008
582986
574422
583814
582846
590220
554750
560812
552578
555298
573594
560264
566060
580968
550246
574798
585952
551966
538896
543824
559128
549640
531036
621472
566864
556078
553780
575646
566054
651840
732374
606878
621922
785614
696992
569378
620292
575864
560746
609650
559758
573534
592434
586882
583956
559042
559432
553682
545294
578742
556288
584620
555422
546778
573794
557522
569926
597388
552560
572518
573578
628792
560536
593392
622468
690774
738508
673088
616294
730616
657278
716080
566336
588418
602468
574872
582282
605304
621398
603926
616900
580474
606606
612594
603480
600842
593444
629716
563736
593384
600076
565258
568194
579348
569578
609874
645178
615044
584830
589962
609468
653236
791276
715928
671996
651820
683042
645282
617636
613818
608842
653208
604508
601480
624740
627720
602622
612822
623192
602616
624470
592976
607752
581910
608850
651012
592944
576312
577218
607524
601294
639844
676486
623692
584936
652642
678264
777588
656694
851984
680170
846850
782992
645864
605388
697126
611256
633594
600484
639948
623612
638460
624012
664530
656470
709764
629978
630944
618314
626054
630260
629944
594710
594080
646966
597804
614114
629362
705912
644134
684492
688796
685486
664406
848210
645932
847690
819174
654638
630390
633312
646430
616792
632320
642070
672020
648282
624574
643458
617586
629228
671596
634872
643116
618942
622568
619492
609138
665354
606308
635212
621258
697944
620006
643480
644156
804118
919330
848378
685296
719372
769238
686764
663796
631192
665268
629606
655128
742856
657774
673104
677688
655360
645566
631866
719910
693372
668064
663456
623098
641760
633070
645868
655870
637054
625464
664604
668964
768710
810178
1155110
825588
892026
752768
740220
674282
650908
700422
669378
667766
661656
661530
643846
659074
654452
639998
691180
688584
623704
633608
650618
665560
627846
656530
634168
664070
662088
651356
660790
655682
665358
705934
820262
737230
777280
731850
789854
739186
698372
690520
726484
664758
696046
688066
671674
743308
715882
682198
686008
670772
661126
672940
734900
676000
679844
654896
653244
654926
657914
654520
700584
660358
646996
693014
789930
969450
690812
754914
804976
766250
720052
733238
676546
723934
656460
730464
673646
708194
700358
714300
707390
730484
708364
662042
690368
657716
687446
681918
663964
681328
708852
700402
744070
642984
680576
768466
979642
883100
825146
836548
844516
824964
733334
763272
693450
734130
745670
765694
737420
697558
713566
718906
691892
726982
719114
750438
708344
696422
714782
678290
751664
670394
852310
673158
700936
729248
847414
787830
902448
782778
749724
878714
769096
748126
691080
704728
794860
702270
735882
778790
708302
713914
715846
734564
731154
713648
720342
731662
740954
697314
757028
737024
707950
691320
775688
704084
776752
798864
808330
934442
828674
796094
863396
808948
751932
737846
756146
737236
734544
749394
721438
757318
734104
723432
752618
776682
763730
793410
771284
798488
902110
796476
748636
787886
809778
757924
849910
807582
810948
894286
799018
820140
775526
923640
769410
786570
769700
798876
866112
779784
792850
742122
780532
756756
814092
756486
742302
769982
764554
805606
822728
749574
776026
782706
772992
793268
900220
828720
823316
867348
799612
774298
849862
800230
804760
768570
748556
769102
825324
765030
835770
784416
771268
799150
800560
760722
826298
821192
844498
819260
772936
812240
873756
845906
1053532
775836
820972
780482
852010
898992
824010
877418
928154
871970
815796
914776
818510
772488
844054
773452
816402
798064
825292
932834
807710
779492
845106
773246
778040
828716
824168
893528
1107176
885438
847754
829508
851586
855360
812746
868250
792030
766820
839506
809408
811314
792774
885792
814252
817360
780690
786338
783968
852736
835276
843344
808622
794986
847752
834344
903446
929184
933178
1171824
850170
926160
859730
850448
795178
844698
791952
829136
795598
784866
809998
817832
905884
839560
798606
798334
812282
841968
865038
889066
884974
865348
961624
875292
995612
893094
887298
856206
824828
850888
830296
819986
848980
815756
818526
910104
814554
841316
866962
827884
813148
849646
861912
821560
811000
829838
815920
891962
923016
1214948
923466
982122
968204
887414
846188
868268
803114
913610
797638
861016
907962
843698
844148
791958
841070
845142
802634
821146
844056
813156
867038
952390
832686
851740
924218
949968
1153674
892378
892568
1070604
873724
860382
883780
869298
811876
828320
821950
840650
854988
852664
850054
828946
829352
890010
836886
855418
829318
811938
898402
861244
799724
882754
1149056
1042644
1020206
880814
863594
914110
949646
889314
855732
894852
946208
907448
857470
823894
862146
857014
812406
852278
852030
852164
919432
873944
870708
920582
914976
1005074
1252762
950544
1123248
1057484
936938
992872
894606
906678
924326
848302
912310
863080
875998
846672
911488
886912
928750
894974
857644
848224
884000
958440
930150
864558
920560
977760
1031766
1245164
969684
891262
907542
925502
895234
920500
856374
938634
865236
865016
869568
873140
906016
938022
906130
900716
841490
939140
920900
964784
895146
887908
1101152
997796
1036110
1045620
992780
949096
895744
925462
871718
918324
890972
865764
921920
875146
909006
900904
870308
868428
937352
856742
851892
902778
875922
904474
933382
964766
1200880
970082
1030226
1021616
931560
936974
909228
926990
897692
875718
882922
963990
903622
950204
925218
862110
867884
912674
941962
887980
902398
915454
851198
961150
1009968
1127252
987238
1200710
978806
1009604
886840
983132
972522
894400
881628
937916
893032
928840
917336
930196
989132
910966
950832
900522
893692
926492
981506
904082
982524
950284
1011290
1097532
1020196
956146
1054098
920058
945568
968770
946162
947558
920640
924276
923290
935912
933410
916944
884486
960870
933654
948112
934248
1023784
995670
1090532
1423174
1087462
1023684
1038100
960704
962512
909734
935572
932866
906794
947580
945736
1003666
1029832
989336
946860
930154
976668
912944
915806
927926
946596
959960
1026170
1239808
1060762
1077566
1002548
978764
956854
943460
937434
906544
941404
974832
929552
976450
923240
947184
942810
905878
904470
926114
929388
1010572
901010
995144
1035052
1083700
1066712
1095592
1008862
1032768
999826
943824
937942
973674
995224
935370
925208
942320
954952
954264
960462
955646
946814
935612
1013618
969156
910666
973122
1070832
1028320
1050922
1128736
1028404
1002370
995920
986400
1064300
930934
980536
975190
964368
993980
948232
968084
966424
1004180
994348
999704
952706
1025726
1056560
1116978
1112608
1162304
1160600
1031632
1067984
1013840
933988
972830
989700
959630
1002848
1006990
961032
1004182
1029792
1005954
1020344
983654
1008310
1038906
950882
986766
1066080
1054910
1129810
1104272
1051874
1034756
964610
968028
1049462
981478
1016990
1011450
959198
1000912
1015182
1074970
1003206
1245422
1236704
1280340
1017808
1140438
1305118
1106206
1260576
1057448
1108794
1042218
966830
1008070
970356
1010684
1022072
1018224
1011034
1004210
1023846
1008342
1011998
951712
1024174
1067920
980998
1064144
1240376
1265220
1148050
1168392
1134640
1070994
1046592
983352
1040610
1097334
998236
992250
973834
1010200
1008604
1081170
1043570
963888
997160
943246
971474
955526
1029662
1344132
1244882
1223608
1059218
1006390
1008264
1064978
1064904
983042
1011340
1071074
994286
1037428
1089558
1035948
1040920
958486
960342
978562
990672
953802
1068602
1026848
1141834
1209180
1257652
1108952
1078712
1001910
1045736
1059260
998892
1086008
1031294
1132760
1086904
1016950
967166
1041312
987452
1021110
1052136
1017652
1019186
1070378
1211680
1135810
1285680
1117518
1099446
1126082
1054142
1073270
1065632
1007528
1150494
1059318
1035268
1042854
955266
999896
1026932
983106
1053608
983174
1026820
1069110
1100926
1236204
1140746
1191594
1207632
1114448
1075298
1067942
1110542
1052486
1100442
1044034
985606
960422
972644
1041932
995310
1072398
1018532
972010
1056898
1225494
1049606
1164078
1199176
1258998
1167912
1061490
1037678
1060754
1100176
1109334
1071072
1097514
1028388
1125612
1066384
1002354
1018470
1018014
1065172
1091232
1093640
1333366
1167116
1070064
1313574
1102152
1144902
1080378
1031936
1100696
1106200
1095060
1031314
1070862
1047958
1180178
1036320
999706
1022986
992158
1096524
1099514
1209966
1175794
1266236
1224950
1172980
1083440
1061598
1062106
1129876
1106016
1173216
1097042
1122780
1089660
1084478
1151886
1059708
1138740
1109370
1068742
1250874
1525582
1318962
1253608
1250886
1118126
1109084
1148558
1186506
1156340
1115354
1091246
1202016
1056606
1123476
1257104
1072574
1098852
1136110
1163462
1204456
1473374
1322750
1105772
1110414
1131380
1256354
1163958
1185804
1100616
1153640
1153974
1203904
1084238
1194440
1187840
1138326
1100924
1297966
1488056
1250328
1389160
1464008
1367526
1386424
1190398
1225774
1184862
1105084
1165354
1091336
1167426
1142226
1147986
1074576
1121114
1105966
1092698
1122760
1229300
1549438
1283698
1404236
1311442
1217848
1115044
1158914
1091614
1132924
1139560
1130062
1102878
1100338
1102814
1175010
1132412
1168482
1117958
1113332
1212632
1370804
1271688
1354376
1247818
1179320
1148800
1223432
1168878
1167100
1164752
1148314
1131154
1145160
1179034
1077414
1110684
1086746
1186786
1227064
1109998
1267280
1433304
1321612
1168996
1116190
1194308
1248072
1222372
1158330
1237568
1123780
1110442
1213906
1219628
1146186
1171444
1144088
1291824
1138564
1132770
1341638
1204914
1339394
1287740
1188136
1171070
1139546
1183936
1157354
1159886
1187680
1155092
1203116
1165634
1171170
1120466
1231380
1246134
1109360
1216956
1346120
1363232
1320044
1199962
1263622
1136340
1163908
1142594
1157570
1157698
1151766
1222652
1221998
1238860
1115488
1108062
1090042
1075912
1127876
1144808
1578966
1402794
1223660
1266826
1132666
1155008
1170188
1228962
1258466
1161944
1165312
1148288
1186370
1222086
1232780
1240348
1236608
1146924
1101364
1286402
1521284
1186298
1486288
1310350
1177254
1160592
1159826
1243080
1299204
1155688
1185004
1265526
1192470
1254030
1173402
1201516
1192800
1137712
1197698
1280444
1378466
1310054
1379344
1212114
1161288
1148428
1208886
1275988
1227038
1191880
1180120
1179900
1256368
1240248
1216702
1161042
1225568
1155256
1257544
1604646
1350576
1371910
1489096
1300456
1221262
1278024
1223682
1271298
1262740
1196976
1307578
1272412
1273182
1276892
1323716
1247276
1239302
1426224
1317194
1348102
1294818
1308548
1324640
1258186
1247040
1182242
1220176
1234884
1259642
1355398
1295696
1179282
1215596
1291916
1248998
1354104
1601086
1302302
1327598
1242370
1265636
1315426
1274454
1234320
1249062
1208480
1215410
1243718
1243302
1330532
1245696
1178328
1162784
1235920
1573528
1481728
1272466
1303946
1297922
1255684
1260734
1230168
1244508
1287812
1225606
1239704
1243622
1370870
1264058
1204312
1192022
1174032
1317366
1487498
1523566
1360028
1331844
1316000
1285938
1300098
1352952
1359388
1272584
1192734
1261518
1256260
1161808
1160890
1170552
1177818
1224396
1321320
1549710
1371388
1327798
1271968
1280962
1278128
1266420
1311034
1252432
1224174
1210150
1220132
1183260
1165388
1219128
1306168
1252950
1254560
1583780
1509666
1438624
1344606
1375666
1325520
1316320
1327232
1253430
1324052
1235844
1234264
1222064
1188910
1177394
1297860
1210956
1175384
1403748
1512030
1353484
1288190
1265900
1296798
1365680
1211040
1290734
1311166
1271172
1223234
1228560
1206764
1222050
1280896
1300186
1212166
1325910
1920180
1427914
1343166
1265200
1266536
1301736
1286066
1309600
1286038
1310098
1203392
1216944
1226684
1279930
1221540
1235102
1156078
1513098
1668264
1619176
1278050
1378046
1368798
1246860
1269764
1301670
1370424
1236810
1184820
1257034
1233330
1265752
1258468
1259160
1255762
1366814
1522590
1639774
1414048
1336088
1274958
1244498
1287536
1279878
1240132
1271004
1224552
1251332
1279350
1412662
1290172
1311634
1380100
1383238
1424270
1662130
1412510
1366798
1264754
1309628
1244086
1348532
1318958
1310372
1246112
1277470
1251512
1234948
1293020
1253438
1309600
1403812
1438560
1611330
1381884
1284210
1286634
1277554
1267898
1255126
1362780
1314628
1400310
1264554
1179144
1228860
1349998
1350132
1273108
1401966
1504352
1552592
1382716
1289928
1286506
1304396
1358110
1318854
1308828
1326126
1275380
1282050
1341776
1272004
1349640
1276744
1359680
1487538
1628368
1464566
1382922
1329984
1485898
1272872
1309406
1269842
1363274
1314150
1346920
1286852
1379360
1444352
1345420
1340604
1767438
1485540
1657702
1367690
1395402
1362088
1359758
1361802
1447208
1381072
1373254
1350716
1320394
1491018
1414534
1326570
1382804
1625004
1437704
1542176
1357116
1320970
1410112
1352070
1427156
1395910
1375438
1345632
1363222
1377836
1328798
1510786
1305410
1491626
1620254
1505354
1568404
1411996
1420610
1349500
1404580
1372800
1326294
1399640
1467928
1419422
1313882
1502294
1283728
1531534
1499752
1492756
1628148
1600854
1444604
1385586
1475086
1366658
1396338
1371484
1375834
1357276
1437604
1316496
1336084
1337698
1316848
1679928
1505280
1654522
1496008
1372440
1335464
1450234
1321664
1297058
1417968
1389048
1379354
1426638
1428068
1432818
1378942
1357446
1585152
1547264
1476646
1502224
1406508
1433542
1461414
1376756
1424072
1386576
1396406
1388490
1359744
1555448
1322494
1428416
1408900
1532232
1844534
1893900
1831146
1784056
1741812
1786736
1776788
1822422
1790118
1366256
1331640
1368154
1337650
1827694
1544500
1512468
1530792
1388118
1378428
1431090
1356492
1406872
1383282
1364064
1397652
1467276
1421812
1376604
1323828
1376780
1853862
1491778
1514450
1550266
1382412
1476464
1473654
1450716
1501216
1391802
1331058
1451688
1309146
1378034
1296264
1380602
1438790
1856142
1496104
1513696
1363824
1373020
1386236
1361038
1338636
1440602
1429582
1375736
1347396
1361576
1363784
1430048
1334610
1415640
1789320
1482012
1520988
1430450
1488206
1463314
1354948
1368932
1424034
1350226
1327252
1344220
1327708
1381582
1329284
1417734
1470260
1569620
1497626
1540296
1385550
1502046
1382306
1402058
1411282
1407056
1469832
1455324
1453170
1384166
1340152
1445942
1438858
1489444
1698102
1732370
1558682
1395390
1500904
1436560
1461276
1493704
1498842
1393866
1414300
1447154
1426988
1398458
1356892
1421854
2057356
1635208
1678812
1550434
1410190
1488278
1425102
1602004
1397210
1471448
1423078
1473646
1527466
1445048
1504174
1685720
1724060
1557382
1681444
1506280
1434484
1464706
1751222
1451304
1492850
1428426
1478758
1481520
1505460
1557886
1516476
1568654
1573338
1663112
1515912
1458970
1508338
1628770
1510692
1433036
1461096
1454988
1443134
1451588
1407574
1657102
1374714
1612386
1675188
1774518
1552986
1498540
1499858
1467322
1472522
1483200
1429702
1479224
1500096
1490250
1467274
1465452
1534838
1642484
1722324
1698440
1491544
1476464
1511954
1464372
1491304
1530420
1437910
1421734
1462698
1452972
1439724
1472492
1473298
1740210
1548808
1690720
1521124
1458798
1494386
1465500
1429650
1549196
1525860
1589988
1507962
1605464
1485956
1496432
1480060
1941196
1669294
1666664
1748634
1543972
1485346
1498816
1546906
1568250
1517208
1452412
1565346
1493146
1509130
1438908
1630132
1748600
1858498
1721468
1483728
1491722
1518294
1531940
1537054
1485206
1555874
1563746
1641180
1656558
1509330
1679958
2058682
1843050
1663072
1581108
1506532
1551022
1535712
1548306
1529898
1681882
1610874
1552416
1466372
1439530
1663938
1872658
1724324
1752084
1556570
1547646
1643796
1571102
1551146
1495744
1598202
1527126
1519952
1618638
1615624
1709434
2159298
1585990
1821114
1516608
1693394
1615456
1535300
1519050
1689648
1551638
1616774
1509508
1507898
1552398
1547690
2373606
1701142
1625880
1781576
1765106
1547320
1766878
1736972
1538478
1529404
1500180
1572482
1550804
1617982
1819402
1557106
1547308
1697332
1585958
1565900
1670148
1678872
1539560
1543054
1567544
1644084
1624754
1538744
1554760
1608604
1594348
1553708
1552014
1556698
1541074
1399900
1400330
1500278
1621014
1445686
1485448
1446172
1533928
1498118
1397790
1448536
1438104
1419960
1447516
1390360
1449594
1480470
1430752
1489594
1391414
1396878
1466868
1501520
1442618
1394780
1329256
1567882
1385942
1298830
1326936
1364294
1365520
1336676
1392018
1454456
1343854
1412376
1433816
1394990
1439600
1438146
1363816
1465400
1567062
1324026
1492768
1334066
1473532
1379828
1370376
1396268
1417780
1361832
1393556
1430714
1503320
1403772
1334266
1489810
1523890
1445348
1383054
1314018
1349634
1398530
1366034
1349406
1568834
1385582
1420664
1341820
1413398
1399256
1388152
1398296
1368864
1398600
1413106
1430958
1347686
1502354
1390348
1397098
1384044
1333046
1369958
1384282
1455128
1427514
1318372
1354734
1472510
1374278
1400558
1416452
1467290
1432508
1375996
1402026
1496774
1427108
1406818
1480126
1447988
1421846
1422514
1382332
1593418
1467684
1396110
1598116
1491386
1414928
1403234
1468734
1792856
1405970
1434188
1372870
1567768
1391864
1455798
1388110
1577022
1446994
1450752
1411320
1477126
1434824
1383812
1431050
1441716
1382240
1388208
1491882
1398420
1469822
1397370
1456034
1867292
1632670
1424860
1634686
1618376
1482336
1398854
1601844
1662616
1699984
1693022
1472062
1432086
1417306
1418450
1445032
1444400
1631744
1478590
1445700
1537872
1469390
1591554
1400956
1445844
1450066
1552736
1412004
1449452
1454662
1465048
1453912
1465234
1412006
1401266
1437168
1493432
1404408
1415992
1471188
1448206
1451010
1436164
1418850
1445818
1499430
1570082
1459212
1401382
1531682
1473562
1472972
1514532
1552414
1516114
1436002
1506670
1580898
1447340
1466158
1490956
1512544
1473766
1396010
1445662
1475592
1472078
1433244
1517326
1406194
1607204
1537264
1569142
1414472
1488724
1397112
1459682
1459588
1459668
1534054
1518124
1469378
1510730
1431242
1444152
1462948
1511608
1502280
1588410
1495972
1438800
1473114
1593792
1494618
1540676
1457688
1490078
1517670
1480412
1492040
1489344
1521240
1562568
1496854
1526188
1488366
1552646
1573848
1431926
1531324
1463374
1543046
1527676
1457858
1578820
1505108
1442434
1476228
1466414
1443388
1465824
1447088
1457012
1532276
1627578
1540432
1512778
1450786
1501298
1428128
1521102
1490046
1534782
1478084
1520466
1474524
1513416
1544990
1428382
1497872
1440326
1551644
1455582
1457766
1468460
1456750
1507570
1462054
1530634
1608694
1525578
1498912
1475522
1516306
1518978
1467372
1491732
1511548
1539000
1482294
1561898
2322962
2014626
2092596
2012598
1651978
1616906
1871278
1700460
1980404
1859818
1732234
1682502
1674978
1703716
1662448
1713152
1679010
1728574
1592656
1755584
1627146
1644656
1569114
1612966
1599548
1622732
1572112
1547824
1517924
1555054
1551880
1623910
1542426
1544630
1570738
1536662
1574928
1570012
1597904
1535514
1513880
1586682
1451658
1483516
1500428
1715634
1625004
1520760
1610848
1485308
1533736
1445408
1502990
1520562
1525194
1505484
1658642
1552024
1594034
1520778
1484898
1580758
1518196
1553736
1538254
1539416
1494372
1656418
1530030
1497258
1488044
1496154
1536400
1519868
1585492
1547034
1608652
1493430
1870802
1577598
1503160
1543746
1564572
1541050
1578916
1519562
1612804
1525036
1568160
1598032
1550004
1551654
1549596
1474344
1559334
1536706
1532400
1562564
1512754
1655324
1667762
1567332
1520554
1551866
1550946
1578278
1508748
1514286
1498150
1566584
1622520
1683636
1562712
1579470
1580406
1500784
1494374
1530654
1572652
1559248
1535972
1526220
1644896
1511264
1618304
1461110
1558160
1554874
1543090
1510668
1514554
1613576
1513258
1652196
1595430
1619060
1595292
1527738
1595012
1547150
1745806
1597980
1551274
1518256
1729594
1596132
1705306
1672820
1565014
1596992
1564926
1543834
1560332
1591774
1561166
1648110
1613546
1629992
1569498
1629410
1612554
1607446
1518872
1569442
1550580
1724784
1559204
1588060
1597328
1590898
1611904
1597270
1655752
1576772
1540074
1564318
1586238
1605214
1562034
1638714
1654860
1592684
1586544
1560278
1515626
1709060
1634746
1599866
1552130
1586612
1546916
1560890
1611660
1719300
1580094
1577608
1652536
1588486
1632932
1622888
1638458
1870122
1601342
1759836
1610064
1596002
1559882
1579884
1577926
1578178
1627592
1547234
1681384
1578214
1719836
1557692
1628336
1540632
1625972
1705596
1595852
1586808
1558252
1583646
1540966
1604798
1591850
1699110
1570000
1662224
1547460
1688370
1585430
1547830
1579258
1614374
1572958
1641764
1654688
1565302
1673292
1666064
1644250
1666492
1659272
1598338
1688524
1707856
1657778
1568204
1662718
1607678
1696528
1642134
1682442
1638776
1603002
1592086
1594308
1596106
1553762
1690140
1598908
1683732
1606596
1708018
1735798
1583452
1644488
1619466
1610460
1584422
1621652
1612338
1586546
1574182
1592658
1614364
1598718
1736544
1561398
1661342
1599668
2153710
2147710
2339234
2047524
1733558
1704332
1748894
1754780
1778066
1669168
1750622
1819654
1752596
1746828
1690730
1740868
1783450
1721180
1878442
1866312
1947542
2261972
1784294
1800624
1790484
1696792
1751630
1671742
1708750
1754638
1640592
1701414
1762696
1657570
1625160
1755454
1649098
1667914
1663658
1750802
1676702
1730474
1687080
1782752
1755758
1787000
1802218
1712534
1740078
1693330
1711726
1699294
1649386
1647636
1665934
1668140
1657038
1614758
1649830
1627862
1667304
1833354
1664272
1669564
1625966
1748548
1860292
1676288
1667924
1590346
1734114
1711624
1781402
1660486
1693360
1701292
1641146
1630928
1712068
1722286
1694994
1689162
1706422
1721926
1662584
1599802
1678966
1770162
1622190
1731982
1695736
1721028
1638552
1691130
1640616
1621882
1701828
1610160
1695432
1643356
1804342
1647448
1631850
1655896
1645900
1604120
1788458
1789114
1713174
1615098
1659420
1650164
1709686
1668470
1661362
1716022
1787672
1738644
1736288
1728556
1703102
1845828
1752602
1661362
1621790
1688394
1654584
1789528
1677856
1653196
1678912
1719562
1659080
1668066
1760234
1664548
1645718
1756060
1656120
1672222
1704116
1647542
1629080
1651370
1809152
1703482
1669638
1746558
1695740
1653724
1690740
1838996
1760170
1672618
1809064
1731472
1700204
1770152
1712272
1657046
1676474
1742436
1649674
1713604
1766894
1725374
1688134
1709080
1675964
1711562
1667542
1835800
1748400
1758736
1806798
1687408
1748390
1744004
1804698
1697858
1671260
1767276
1731386
1675202
1795112
1682292
1675080
1809696
1710834
1758504
1847470
1943050
1729800
1807296
1797196
1779306
1712928
1923728
2112558
1765014
2240730
1798468
1765512
1865256
1773340
1775238
1832140
1764058
1830040
1673756
1664140
1864656
1724494
1777344
1676610
1851128
1745930
1697506
1743430
1772104
1719414
1752720
1759202
2070526
1996828
1754950
1768970
1781986
1773818
1842310
1767886
1867080
1784564
1711332
1859610
1752552
1847954
1914358
1821412
1899914
1851892
1993830
2232216
1775758
1804576
1735270
1755498
1818560
1817056
1842658
1815786
1825366
1779170
1870062
1780918
1734424
2151494
1851082
1792606
1745334
1887978
1723772
1747708
1828604
1733294
1793584
1923712
1795750
1697442
1708006
1786100
1796252
1784904
1800932
1751432
1716708
1899184
1807990
1723148
1763906
1775610
1811264
1769224
1776682
1768192
1894510
1706666
1746396
1761042
1811354
1865932
1812820
1829728
1865270
1916810
1775588
1761508
1744502
1783490
1936006
1837896
1714584
1743092
1675902
1837032
1897814
1817896
1754336
1846298
1822540
1751284
1936010
1776124
1753136
1878738
1818728
1772318
1810316
1806134
1788944
1811424
1837088
1889180
1811226
1959220
1829946
1715382
1865692
1982582
1823112
1888318
1817958
1806170
1856422
1802810
1828174
1774500
1826746
1846984
1813316
1861406
1772000
1755294
1911978
1903196
1849172
1862332
1815332
1779862
1781302
1764328
1803676
1877502
1820566
1756260
1862304
1855864
1799322
1809654
1926772
1759718
1891438
1867500
1829668
1936168
1995492
1792836
1871862
1766826
1813260
1786416
1937320
1888166
1832412
2020930
1797396
1810910
1889758
1790006
1831560
1852140
1815614
1803714
1875568
1876690
1888870
1893304
1992672
1835146
1979948
2000738
1847022
1836504
1991088
1951114
1777416
1851278
1855772
1980656
1894056
1897784
1795930
1806294
1877788
1851196
1831360
1863302
1901094
1936520
1980482
1830856
1820244
1898104
1969042
1839672
1974394
1853276
1860340
1848166
1789138
1830924
1888492
1941640
1818120
1833008
1915350
1832816
1903430
1952340
1904052
1888770
1906204
1869134
1957248
1776610
1855544
1803974
1959292
1888942
1792306
1805750
1821960
1886970
1995298
1860514
1949702
1797014
1907802
1887764
1899302
1906766
1842146
1900782
1840092
1937186
1835722
2007296
1837740
1819124
1832556
1956722
1819938
1843582
1986766
1906768
1920154
1910224
1816276
1833086
1906314
1860572
1908410
1871606
1875916
1825942
1831350
1904182
1859252
1892072
1978738
1846962
1839356
2058422
1909232
1901550
1919408
1970476
1869978
2245854
1799164
1938328
1820458
1832112
1885412
1973144
1815582
1820660
1863734
1869220
1798148
1834812
2045654
1944990
1846972
1984054
1922350
1895646
2039840
1846060
1899396
1928960
1923410
1888830
2043658
1868400
1905802
1885072
1843612
1793640
1821922
1843302
1872220
1938144
1918388
1880202
1846174
1851750
1868688
1890910
1949866
1850518
1939594
1959220
1848936
1931508
1973100
1994798
1820050
1988574
1955086
1878178
2068898
1982376
2116364
1986694
1926396
1869450
1969574
1862592
1865752
1868046
1899076
1912754
2005910
1922336
1990178
2152166
2048588
1915150
1974758
1864788
1899610
2071594
1866742
1867804
2068490
1903054
1971206
1914628
1870292
1956800
1905444
1926052
1909578
1943244
1936728
1864242
1949896
1901860
1936376
1935014
2054398
1876214
1968906
2080732
2054154
1943270
1921482
1899336
1961312
1910536
1980398
1890194
1863230
2005702
1886338
1978702
2035716
1918964
2100764
1960052
1916062
2014208
1929834
1942362
2075116
1922646
1896056
2001984
2027434
1888764
2075898
1881046
1894556
1948736
1960452
1993798
1942230
1938172
2004410
1905980
1928932
1956220
2015030
1925310
1951498
1904456
1900384
1967264
1992178
1890946
1938560
1923344
1980020
2035824
1943188
1940960
1951864
1990592
1881200
1942080
1887688
1975182
1884322
2070120
2020256
1945394
1931538
2117882
2010718
1954414
2064688
2088888
1949960
1991518
2011792
1884274
2066380
1894572
1889966
1995220
1970828
1982476
2062686
2100606
1938396
2002754
2020574
2011796
2054888
1917084
1894910
2046488
1936386
2102196
2027744
2088404
1986274
2068080
1962030
1915702
2173174
1927500
1988284
2038992
2002628
1972454
2081416
2129042
2038326
2128912
1940060
2044770
2064030
1969290
2094432
1989522
2023482
2016796
1997210
1984004
2043588
2108246
1902560
2027512
2041206
1935744
2164042
2305188
2156858
2028180
1987060
2178882
1990684
2035794
1936006
2257310
2008184
1969132
2036520
1940102
1994150
2078816
2000086
2099464
1971136
1977906
1972292
1995054
1920120
2002524
2023368
1981098
2059858
1973120
1984490
2014528
2073924
2003632
1956496
2016942
2040864
2071114
2032130
1989242
1980760
1988710
1928398
1977276
1971246
2120072
2077236
1995618
2001458
2050316
1953320
1964348
1921394
1900066
1957990
2002956
1989910
2077608
1917828
2053656
2041550
1970770
2037340
2081018
1967960
2097454
2053326
2014204
2049502
1943394
1958852
2024900
1964234
1966306
2065070
2001262
2073152
2092382
1934504
1936114
1960770
1961124
2052934
2254820
2023558
2061538
2212666
1951684
2015552
2125674
2114328
2056470
2082448
2062704
1987912
2033062
2073876
2022122
2014520
2082018
1992078
2122800
2040010
2094224
2032788
2028916
2115984
2227896
2008878
2160696
1967052
2422574
2135532
2080794
1974878
2162336
1999288
2017024
2154734
2068616
2045070
2159336
2071358
2028856
1967352
1951822
2017250
2096926
1994156
2081542
2095688
2042286
1967518
2048130
2003026
2159548
2033788
2083316
2182846
2042434
2155972
2143954
2007866
2023104
2209344
2096102
1954226
2098114
2015476
2023108
2088652
2122436
2156202
2121352
2117284
2068610
2073054
2077704
1991734
2083958
2110616
2060614
2051706
2142048
2054778
2173980
2067952
2165340
2154894
2045228
2110514
2025500
2023398
2189290
2080808
2002354
2137136
2065264
2033590
2079028
2007708
2004090
2029274
2095100
2148102
2079700
2025210
2037166
2004362
2017496
2146296
2073216
2048552
2127888
2115298
2070690
2210072
2024736
2085702
2134582
2074740
2045736
2062586
2139540
2096710
2100924
1965436
2212890
2076058
2040282
2162858
2104230
2083142
2257706
2119898
2160684
2025360
2015882
2066902
2098562
2086488
2174762
2103046
2092312
2042594
2050524
2031418
2101304
2120470
2068952
2214376
2104084
2042866
2256738
2046914
2191290
2079162
2018026
2106086
2188156
2197650
2083292
2059092
1985380
2062816
2091140
2098658
2100320
2382762
2127284
2171486
2114164
2091062
2110570
2157876
2050536
2031636
2198286
2047894
2060558
2156582
2221984
2072182
2156142
2151798
2056652
2119720
2020844
2103836
2096898
2092348
2037440
2098266
2226718
2112080
2132454
2133842
2090894
2191690
2245402
2113212
2074310
2046358
2198470
2116904
2161730
2183606
2144786
2140740
2061352
2176354
2169534
2177446
2151914
2131234
2247690
2174702
2243342
2195752
2245734
2145786
2342152
2185724
2243766
2332666
2244696
2140126
2097078
2125240
2178268
2181010
2170470
2215198
2175834
2109942
2113404
2203718
2269488
2104294
2137680
2173592
2247440
2186312
2151396
2169884
2171136
2227906
2201636
2193026
2235700
2180858
2226498
2318286
2116276
2169178
2137758
2245124
2135250
2180222
2511096
2288260
2144858
2135884
2145024
2121088
2187886
2177116
2261062
2228484
2134584
2239424
2316582
2145786
2232328
2196478
2268952
2261702
2173778
2160836
2168486
2211892
2200700
2202352
2184580
2312236
2123986
2125350
2116144
2181342
2316274
2190708
2198616
2308184
2138870
2205426
2243478
2322504
2294206
2144754
2168348
2226146
2142958
2198764
2169794
2123202
2263638
2187252
2189152
2135028
2280096
2180944
2521858
2262654
2383774
2178578
2243240
2356394
2362038
2187944
2135806
2139650
2339422
2202760
2190146
2463680
2175002
2085200
2212722
2233164
2323346
2293408
2182670
2227748
2293418
2352038
2215016
2577190
2384338
2220970
2378910
2180320
2367332
2430712
2310346
2947316
2391052
2205800
2210836
2153240
2205464
2164802
2206128
2456746
2340908
2248740
2367266
2312126
2279632
2160452
2209248
2276206
2261420
2259522
2173928
2194150
2166228
2210876
2160886
2272178
2230298
2127638
2261756
2190898
2209898
2290540
2215388
2429402
2227838
2306566
2241228
2474476
2494368
2369452
2552464
2515044
2550836
2452384
2619352
2569462
2635216
2538582
2614880
2533426
2491222
2484338
2556842
2521850
2456686
2563312
2429984
2527696
2583054
2601234
2453986
2664800
2456932
2667060
2510072
2481428
2497202
2510740
2607218
2468608
2605572
2457268
2518370
2461770
2608790
2607152
2601662
2511928
2463374
2489690
2500742
2440314
2501144
2478464
2453038
2521366
2411346
2579832
2334464
2538208
2377512
2515462
2528188
2550634
2462066
2370282
2455796
2465764
2389122
2863852
2628630
2513078
2584074
2437852
2518972
2622532
2576110
2408270
2542794
2418228
2508250
2375126
2394666
2488422
2348774
2494960
2429520
2556414
2377264
2562402
2526574
2624876
2425920
2551622
2414512
2537890
2536424
2551056
2480858
2610372
2473292
2490008
2547374
2439762
2447128
2516864
2645994
2532638
2544070
2418550
2474074
2473570
2794380
2558834
2534040
2509848
2579942
2492908
2469934
2480298
2447778
2528896
2519214
2499094
2464000
2446062
2362116
2599284
2414216
2524296
2551462
2497164
2471786
2549936
2560784
2481908
2400636
2617974
2407308
2432570
2414056
2448168
2575034
2556460
2454696
2387890
2297538
2316502
2307540
2238326
2299210
2456728
2266682
2273192
2366380
2395764
2347524
2346010
2456766
2405444
2246692
2425692
2221404
2492870
2220394
2311764
2306264
2193230
2320922
2189594
2323782
2313764
2348496
2404324
2272420
2379306
2483566
2293556
2384036
2290462
2686204
2433288
2271032
2466034
2330798
2331560
2380652
2429454
2323870
2394086
2292326
2270702
2334834
2389390
2406264
2435294
2386584
2467398
2255652
2241106
2317912
2272028
2359168
2271862
2307804
2294750
2253568
2348068
2233994
2216272
2306190
2378392
2431442
2360618
2447430
2395946
2298388
2342974
2329900
2367766
2401324
2313978
2267872
2326950
2348174
2292962
2309046
2261792
2353144
2594536
2311290
2280128
2303526
2355664
2691362
2374518
2277178
2566506
2388832
2306486
2356390
2365122
2439392
2440722
2278152
2413400
2407684
2303602
2389934
2467504
2332704
2372588
2438636
2446294
2383398
2392710
2341838
2311962
2387676
2498680
2297368
2391592
2422552
2530118
2369108
2359088
2353468
2340764
2305552
2220768
2509542
2487052
2257514
2351038
2431206
2273942
2433902
2403366
2279438
2370944
2282400
2311882
2492862
2351342
2284876
2544086
2383380
2432706
2550442
2365162
2327146
2319980
2384120
2258010
2345456
2394202
2351626
2359962
2381986
2387036
2384616
2367632
2419672
2423104
2362750
2601548
2274268
2479786
2315008
2644148
2367014
2528626
2303794
2287164
2326092
2337720
2362516
2469528
2549170
2436954
2321102
2471000
2734798
2481962
2506394
2457498
2429710
2398644
2273660
2514506
2323358
2552562
2333652
2688678
2462598
2428662
2497636
2382282
2449292
2485488
2417486
2410656
2513112
2340198
2366598
2447760
2496756
2392216
2413826
2340624
2400618
2589294
2418550
2369176
2373270
2491442
2362380
2332682
2404616
2385008
2605614
2499146
2438522
2498620
2367996
2480382
2315444
2516610
2391792
2364896
2381436
2520270
2378454
2402480
2358162
2506848
2372834
2378594
2381836
2428438
2419448
2353590
2472550
2315952
2332928
2543898
2436004
2588008
2532814
2491972
2303702
2505216
2395592
2445788
2313354
2376254
2505318
2390730
2488448
2370962
2319706
2473256
2361382
2344156
2396608
2613538
2508316
2349018
2388722
2296002
2527094
2456694
2454890
2399452
2405658
2378836
2355956
2503868
2423848
2442034
2512164
2401768
2518830
2672906
2770236
2739542
2613934
2754106
2590030
2662610
2582354
2567564
2484170
2319556
2509598
2471436
2407832
2723540
2541632
2364832
2403892
2539160
2622050
2547502
2426524
2536832
2409532
2394216
2509028
2389864
2529538
2422014
2412778
2632898
2479202
2550172
2550762
2546268
2517864
2408340
2398512
2432416
2459408
2375886
2406668
2498332
2419314
2592504
2487524
2398656
2499244
2376998
2510082
2450838
2428824
2441386
2521934
2533196
2411902
2502924
2367522
2465652
2421280
2505970
2564958
2550542
2426512
2521072
2502684
2512580
2363386
2394010
2410060
2437108
2595956
2410602
2455354
2471958
2583282
2652992
2396134
2473132
2383694
2451012
2480012
2425774
2583900
2482096
2444874
2445916
2445562
2553054
2482168
2449920
2488586
2477164
2406342
2486604
2597314
2494246
2507314
2588028
2620092
2455948
2581416
2597154
2461630
2472392
2417804
2492862
2471382
2475666
2564486
2429948
2493614
2606316
2528744
2584664
2547930
2505436
2528868
2543782
2572318
2491612
2591616
2482570
2576544
2498862
2577438
2444030
2648674
2626638
2459214
2482148
2539908
2572320
2508652
2432578
2519312
2436432
2508410
2635122
2510562
2540572
2560282
2510568
2545288
2532050
2443236
2444248
2483536
2436680
2531006
2570824
2533230
2598880
2530296
2596736
2734142
2592908
2521468
2682440
2450952
2651280
2567068
2528218
2761998
2578968
2494408
2534458
2581282
2547700
2535026
2595916
2533910
2664828
2543358
2578060
2484304
2629258
2602134
2428370
2541494
2585150
2564620
2517984
2466536
2550870
2527856
2517632
2539134
2727346
2554662
2590292
2524448
2653734
2558132
2660248
2621592
2540798
2809748
2661570
2491828
2475006
2656320
2536814
2509836
2560422
2612436
2537034
2592914
2665006
2683904
2519256
2607168
2517822
2558122
2614500
2562838
2498538
2753480
2585704
2439530
2531422
2501840
2566264
2478368
2574924
2540904
2497476
2681458
2516096
2748600
2675132
2767516
2661860
2689168
2559006
2629532
2480942
2547274
2727038
2715596
2651390
2578616
2538908
2527938
2738556
2688182
2619320
2703954
2551300
2542154
2644396
2574974
2599112
2558634
2572646
2681710
2539128
2519552
2679572
2576200
2800954
2491852
2754180
2575194
2476932
2713616
2563276
2496966
2580528
2607056
2629058
2560620
2609744
2523370
2589704
2593056
2684436
2537918
2627810
2593426
2809730
2659194
2584056
3130668
3311924
2950526
2855754
2801290
2817444
2637338
2911070
2765798
2791808
2682694
2637910
2721542
2698478
2668594
2657636
2769756
2724346
2800442
2782380
2639382
2730204
2697270
2666846
2730098
2563186
2638902
2713300
2809424
2727722
2757410
2784690
2676112
2769514
2542700
2916058
2550320
2617568
2660030
2643678
2704044
2822846
2623482
2580670
2568618
2604562
2669208
2837754
2550354
2717610
3363972
2954552
2886204
2789166
2677948
2611494
2707074
2897822
2645908
2724014
2597770
2736290
2627834
2634802
2662820
2827316
2701528
2632612
2602804
2697236
2549822
2659374
2642350
2555240
2705994
2635362
2568596
2597834
2688140
2766598
2589448
2775834
2683784
2656758
2748968
2632942
2570670
2630672
2633342
3710408
3080470
2696946
2748136
2656554
2683078
3204506
2701924
2844690
2806140
2717624
2693460
2721300
2718736
2901564
2612490
2781266
2693570
2731012
2710080
2583018
2679006
2715796
3007580
2585192
2735378
2848308
2590730
2617826
2699850
2844908
2750510
2803512
2618978
2579330
2716464
2679258
2697398
2750802
2806284
2748690
2796738
2754364
2647266
2702246
2740496
2789994
2763124
2676490
2679768
2767088
2708628
2637654
2809984
2550798
2732866
2742340
2679178
2624958
2654608
2694430
2625222
2879236
2752490
2722830
2608046
2857846
2766132
2636332
2635772
2758236
2692286
2661320
2863202
2765736
2708848
2807156
2666260
3043672
2770772
2916066
2656894
2873458
2654196
2883982
2954550
2591986
2751702
2678334
2614804
2795936
2808324
2667648
2649254
2617266
2723176
2707312
2785166
2632794
2716842
2829482
2756830
2968140
2684740
2796610
2891140
2728984
2709536
2697532
2607292
2777396
2712710
2771342
2805524
2765828
2654378
2602540
2724324
2695390
2686552
2867178
2735874
2675364
2674774
2695398
2904790
2795926
3073952
2716954
2783512
2760506
2811094
2845698
2637060
2728118
2850718
2763322
2657290
2697638
2992516
2912298
2738044
2800604
2705616
2852486
2697064
2832542
2591118
2939594
2644190
2855376
2952502
2945446
2741142
2748566
2759182
2714288
2779318
2748450
2760042
2667212
2753820
2743324
2814410
2771510
2754428
2735814
3128030
2720758
2833224
2902388
2844092
2859776
2835020
2711786
2752674
2775458
2956158
2903190
2844228
2668154
2760832
2661976
2783840
2783166
2866324
2723370
2766126
2721518
2681354
2847530
2691570
2810052
2764734
2857506
2769324
3043608
2781270
2925928
2781604
2746080
2738244
2825682
2718288
2992474
2696798
3008972
2689936
2672824
2748696
2863404
2711512
2718824
2830590
2825488
2884874
2847108
2889254
2798554
2894622
2759002
2791510
2813988
2738698
2778224
2785494
2970038
2818962
2912578
3015200
2668136
2843046
2837374
2905892
2789478
2799642
2804176
2797744
2691344
3478710
2673788
2708048
2886076
2749906
2970938
2952786
2884124
2744318
2767306
2768136
2789692
2659806
2773938
2859066
2920480
2893144
2730654
2946506
2761306
2758282
2799122
2819574
2766406
2868360
2791420
3715790
3288318
3078480
2759178
2898348
2910418
2877360
2818408
2791976
2899120
2818832
2846672
2862922
2701002
2741512
2778920
3693500
3082464
2833290
2890304
3055474
2775780
2933372
2813064
2971838
2794300
2848744
3023966
2941236
2902786
3326496
3321404
3229026
2961986
3094188
3062572
3032754
3100024
2911700
2919420
2928762
3007928
2942932
3078038
3048886
3341338
3381518
3093998
2897394
2898778
3021396
2959946
2955252
2819660
2842994
2855594
2854852
3062522
2781396
2751086
3014976
3628964
3100556
3160184
3111584
2984492
2993698
3155374
2811410
3061982
2875582
2927846
2960566
2955496
2816476
2879840
3370576
3057492
2982652
3132382
3057160
3061404
2970614
2859938
2851826
3058676
2910496
2820704
2830474
2916892
2937854
3633936
4201494
2952604
2987136
3448530
3050482
2798952
3060782
3121416
2859374
2984182
2875034
3042740
2821258
3444380
3599724
3618186
3250500
3262658
3125136
3095802
3110360
3056124
2979294
3087940
3052154
3019436
3340532
4263962
3515550
2802746
2888338
2968974
3067478
2789460
2860502
2969550
2795674
2919122
3233790
2931932
2992888
3245926
3506130
2947604
2861352
2952982
2933414
2781610
3041026
2916018
2928392
2841312
2876636
2974360
2867726
3062648
3085282
3185098
3059116
2985314
2882584
2973752
2897548
2952454
2857032
3051232
3114056
2887588
2920276
2998106
2908124
3295882
3216280
3082496
3096608
2999948
2978914
3176054
2972470
3107656
2905310
2936654
2850944
2855508
2871342
2868238
3861290
3022292
2978126
3146580
2935878
2968684
3118702
2954664
3155706
3207124
2890448
3071936
2956102
2914732
2973472
4248058
3185860
3079516
3013528
3021068
2893110
3049670
2954954
3047576
2880270
2935584
2942376
2887364
3078898
2947810
3470200
3003726
3159820
3081028
2928452
3235640
3025344
2993416
2904118
2969414
3063534
2970974
3004018
3166312
2951152
3607598
3045948
3240710
3122440
2988712
3022964
2999058
3139320
2945304
2856414
2956062
2862828
2969584
2882168
3326554
3808222
2967012
3269944
3037310
2945922
3035806
3026704
3066866
3290318
2872696
2984672
2868960
2836072
3617428
3131472
3165002
3179652
3248728
2949576
3010504
3022382
2937934
2920336
3007428
2927052
3083010
3005494
2950412
2895852
2878932
3018742
3197610
3212902
2811058
3105906
2973784
2963538
2883498
2919582
2894286
2886860
2874832
2975924
2962478
2848158
3031896
3366348
3014388
3836598
2983954
2899374
2971914
3070280
3117198
2892450
2851552
2892746
2854754
2855456
2903082
3057260
2984536
3056660
2968750
3025196
2929270
2941974
2924676
2991392
2917208
3006992
2972468
2943802
2900748
3168614
2822866
3001516
3135030
2984290
2891592
3043128
2918962
3098706
3134858
2944566
2921062
3046370
2923076
2930154
2918658
3016034
2917718
2988652
2977202
2894036
2905820
2987248
3046694
2973316
2924206
3129166
2947658
2982122
2866752
3006996
2901296
2964334
2893548
2969946
2968356
3046742
2984420
3046584
3023148
3187714
3007200
3066806
2916222
2901830
3032092
2979534
3028640
2984158
2899576
3156772
2857402
2896696
3079502
3196958
2969508
2925070
3041886
3157182
2963288
3260414
3034388
3184980
3048948
3126440
2934036
3091298
2972972
2928738
2928536
3097128
2977338
3029798
3049622
3112730
3023420
2970270
2952964
3053880
2992034
3067374
2976666
3039182
3065352
3128480
3027274
3046826
2881454
3145038
3029586
3232526
2955500
3186796
2955222
3081690
3042916
3189078
3562908
3073880
3003556
2834306
3301518
3286496
3360512
3087012
3119844
3018834
3234634
2899746
3258038
2948744
3875974
3173056
3006570
3012736
3004330
3163268
3073800
3053638
3117020
3063950
2936736
2919536
2931444
2956440
2898174
2993040
3030032
2986000
3150944
3151872
3073358
3191500
3002904
2973506
3066536
3101788
3181212
3077326
3062618
3072124
2854300
3057588
3004952
2984920
2992626
3127180
3886652
3211806
3208776
2988220
3070604
3276602
3344660
3101580
3082918
3339260
3214074
3398382
3206322
3321488
3227938
3167756
3327596
3312704
3230718
3342810
3178430
3239514
3212460
3326470
3293850
3234656
3394344
3200880
3163768
3235208
3247632
3227608
3142868
3070370
3876922
3271028
3289524
3187006
3281750
3796150
3222144
3324954
3132336
3226324
3370560
3187470
3245584
3232726
3157936
3411338
3312226
3258852
3216146
3278922
3447708
3285546
3196136
3193290
3406738
3308120
3288336
3142502
3182622
3206978
3417480
3310842
3389794
3270482
3288352
3437254
3117170
3712958
4123218
4050766
4078164
3953860
4089630
3742180
3928374
3292132
3556226
3592874
3683726
3502790
3458222
3507942
3302398
3159780
3243444
3238326
3284956
3215158
3256980
3058254
3319176
3318894
3082508
3123582
3066462
3141566
3085414
3032522
3122896
3166870
2939556
3011026
3003790
3673738
4436100
3481348
3284756
3189226
3271070
3152192
3089866
3099552
3160694
3076082
2988854
3130448
3106348
3086018
3133632
3093928
3140668
3180046
3060596
3003872
3243354
3172376
3063012
3136750
3289654
3225246
3143206
3003450
3184896
3004820
3502260
3375760
3215222
3121104
3258616
3262534
3123726
3206732
3111260
3307064
3147598
3012990
3285570
3176194
3063540
3061328
3190040
3366440
3102176
3169296
3095228
2978112
3249978
3123106
3158120
3254694
3118086
3131280
3055316
3152532
3286164
3103182
3035998
3016168
2958172
3054070
3206880
3382204
3027234
3110246
3076708
3216810
3129814
3113032
3144064
3122102
3210098
3146708
3091390
3131588
3339492
3207670
3403298
3166754
3229980
3123966
3438640
4010900
3428240
3213602
3010552
3284138
3167166
3242342
3079338
3149610
3082522
3156050
3454138
3179700
3050868
3187200
3165200
3268098
3438850
3105672
3092750
3247358
3273620
3239142
3103078
3352096
3300156
3060442
3224004
3019518
3179110
3651504
4449548
3977214
3073522
3391082
3081214
3369680
3273126
3210008
3122716
3272646
3312854
3125394
3252074
3256104
3174832
3066686
3224676
3246132
3029110
3235568
3054398
3282518
3276032
3075294
3046024
3307942
3132302
3398084
3240180
3160956
3143578
3300344
3084378
3141010
3058410
3196480
3149382
3345006
3145628
3109570
3507936
3184470
3440268
3151182
3106092
3175678
3144666
3303010
3195068
3374844
3286574
3116750
3189656
3151278
3322818
3231638
3276890
3132016
3104958
3207876
3195638
3354062
3196728
3348274
3347154
3149688
3225544
3101358
3091710
3158784
3183198
3107116
3240706
3105192
3351518
3136724
3196280
3363800
3222630
3143302
3115000
3195020
3242864
3140150
3005280
3387556
3225264
3130334
3225896
3455298
3463926
3317086
3267440
3452030
3253362
3313392
3259372
3247330
3426606
3354146
3283732
3349880
3291092
3377824
3470700
3376242
3592226
3264002
3605684
3536418
3460622
3380980
3454572
3456912
3312710
3118464
3404328
4266794
3764880
3617802
3736058
3605148
3438864
3333106
3307326
3259434
3298104
3077090
3281484
3357192
3369000
3166762
3107504
3159068
3251308
3407010
3209916
3172348
3185282
3163310
3241578
3117932
3319790
3077262
3279790
3270748
3283792
4361996
3793218
3598528
3345846
3584878
3551928
3328314
3371882
3465332
3282264
3500882
3301734
3312782
3453284
3311966
3498346
3324084
3337492
3407520
3526686
3374258
3337040
3498220
3369150
3283716
3220312
3333104
3245750
3477828
3180658
3405744
3413330
4516406
3514764
3136420
3434670
3658042
3095048
3183246
3071226
3300234
3312736
3288038
3414700
3227278
3144620
3361076
3266678
3227704
3532994
3313268
3125158
3223618
3251690
3279722
3282250
3240188
3419144
3139330
3971800
3847454
3274044
3235650
3368460
3470150
3961098
3723324
3532026
3455686
3368356
3236370
3247066
3312244
3382872
3270214
3242868
3340510
3286928
3491514
3128586
3391220
3388242
3334348
3252898
3336700
3401612
3288880
3555398
3290390
3438152
3338872
3276582
3227112
3254262
3428570
3376432
3323134
3352300
3133926
3282888
4004532
3476946
3396388
3517186
3431816
3305542
3364104
3582706
3629250
3652582
3534902
3834654
3719342
3396922
3355848
3242246
3290896
3167546
3272118
3609866
3353148
3302520
3340426
3244104
3356066
3398194
3274942
3232456
3235878
3426582
3387762
3269232
3201862
3310634
3311984
3293710
3203324
3303462
3202740
3274498
3313976
3328090
3321288
3495004
3576490
3537832
3393474
3286612
3241348
3273836
3217174
3386064
3282576
3962976
3907132
3649356
3434254
3470572
3549344
3516230
3602340
3430388
3456332
3371708
3347262
3350020
3284386
3235760
3395076
3317432
3198412
3578234
3322044
3307936
3306090
3429916
3283234
3268538
3268478
3346964
3295588
3426790
3337646
3295886
3210972
3465638
3137244
3449508
3350046
3184244
3431190
3204092
3169344
3313218
3264950
3285520
3583814
3332192
3276066
3237348
3260560
3576756
3186478
3388036
3491100
4436288
3635740
3518182
3389596
3373432
3536104
3429492
3445986
3400436
3655498
3607174
3595788
3457270
3360636
3632342
3941046
3312086
4555568
3442288
3573850
3412454
3441090
3506284
3467356
3465690
3658064
3716320
3401308
3372902
3659260
3437126
3752766
3319006
3678950
4212006
3914944
3835710
3947666
3902016
3725604
3609574
3598628
3427482
3563806
3723620
3498060
3487996
3572182
3390850
3486226
3699124
3357756
3498700
3247036
3419234
3419380
3332638
3341930
4374838
3856592
3582512
3658000
3562394
3520418
3234388
3427900
3392248
3344054
3614584
3361654
3596810
3315496
3369706
3447670
3288984
3378020
3611094
3590024
3486684
3278678
3367632
3581256
3260646
3403852
3449256
3332082
3306030
3579404
3260228
3479090
3372030
3332038
3550688
3434854
3429036
3317310
3610122
3419638
3436892
3577814
3581772
3563456
3807436
3425964
3563830
4342728
4753628
3587434
3766052
3546982
3622918
3372262
3513378
3576632
3389638
3495466
3511266
3761312
3412352
3473232
3540120
3483442
3444208
3621348
3623960
3474918
3425400
3627516
3606482
3679530
3537268
3395540
3406982
3477290
4093334
3752122
3639856
3548668
3707090
3511374
3536050
3742196
3646518
3554436
3684934
3779748
3647828
3620910
3444536
3500496
3478260
3516180
3383410
3460456
3543126
3355240
3669318
3392556
3612046
3392574
3677090
3518074
3512180
3518450
3446618
3569670
3615460
3475032
3404064
3503818
3670270
3528992
3415870
3360014
3355048
3491968
3425550
3747314
3588992
3391122
3360590
3301082
3658094
3463840
3620140
3574242
3491518
3340716
3521344
3649608
3379886
3502026
3440688
3586806
3616296
3497110
3567956
3487606
3564720
3579258
3563864
3388418
3401894
3676432
3541018
3465590
3397990
3391830
3573350
3673574
3433462
3486812
3377170
4311400
4454110
3768704
3715024
3803356
4366224
3979802
3810162
3796098
3807604
3833708
3912902
3798706
3903768
3587696
3596232
3877430
3688452
3651352
3804336
4028370
3882368
3718780
3660132
3891500
3703128
3669314
3704808
3847748
3644024
3464816
3560544
3566286
3645248
3581912
3838728
3537710
3413710
3638824
3633990
3640662
3401224
3399178
3766770
3440652
3510306
3524446
3359662
3671532
3523214
3641440
3871894
3588856
3516396
3437332
3429898
3612806
3433704
3601490
3363576
3793878
3653720
3316202
3690378
3586352
3599790
3516988
3763626
3628440
3491212
3610056
4315516
3814802
3603806
3880032
3669654
3959690
3790272
3898766
3607308
3903672
3825262
3672188
3900078
3732424
3705222
3526350
3646706
3591102
3694362
3627174
3655422
3753546
3730104
3752494
3507524
3520052
3552752
3473534
3736636
3545372
3475124
3480262
3556534
3526454
3489864
3588674
3547264
3680888
3482310
3533148
3562828
3830342
3569146
3507594
3765878
3799274
3576538
3663036
3534064
3697644
3653440
3461956
3460380
3586700
3743110
3596058
3757120
3510100
3636804
3567682
3841388
3592284
3618136
3586454
3529146
3582648
3677162
3444914
3533640
3796458
3740338
3583018
3771548
3636350
3400646
3637580
3646766
3679184
3728008
3585272
3966218
3616586
3605078
3504032
3520000
3741682
3510344
3459806
3566224
3699816
3708790
3426578
3544574
3548354
3921186
3521194
3677908
3662650
3480796
3485514
3391486
3509650
3740954
3638546
3549292
3617104
3411408
3698694
3604994
3704102
3682200
3832894
3810552
3732668
3746504
3565970
3732426
3781644
3629370
3594620
3743360
3590292
3576678
3649944
3445434
3508106
3616470
3627646
3714916
3622748
3677290
3745962
3537320
3759366
3501116
3644294
3549886
3568342
3520962
3673902
3771740
3604962
3578966
3570038
3571590
3934936
3647396
3911384
3516356
3724386
3502418
3669322
3777326
3699174
3586606
3770982
3754522
3519266
3814914
3607124
3456060
3561362
3581150
3636978
3698232
3633284
3752566
3611182
3593978
3823228
3898898
3676320
3672464
3787856
3822240
3571578
3586786
3612302
3651822
3751182
3494672
3558782
3641860
3584228
3526380
3631974
3748272
3800520
3824110
3601822
3635792
3662698
3630022
3631956
3559806
3877338
3679822
3624372
3608626
3612954
3811460
3665822
3598168
3512734
3640502
3745436
3551438
3539664
3621432
3656570
3802872
3726912
3759316
3678950
3649228
3801682
3763128
3635558
3652608
3537046
3611446
3859328
3613108
3701770
3809462
3630076
3653858
3616492
3847368
3859530
3719562
3509994
3589262
3940720
3622838
3832002
3965584
3713082
3657832
3707828
3644016
3719432
3734210
3584168
3767022
4032792
3614980
3848770
4075706
3690830
3680554
3565246
3723216
3606520
3680624
3891072
3728642
3546062
3823420
3673094
3854778
3876708
3602588
3752100
3730922
3551598
4008968
3788578
3786980
3757904
3529880
3779920
3621022
3647490
3761328
3663604
3680258
3660356
3698890
3796532
3813058
3612924
3737170
3658500
3738408
3726296
3820898
3707760
4001868
3970958
3675426
3873990
3716774
3639986
3792092
3634710
3712930
3659142
3608730
4031848
3573748
3942282
3662362
3795088
3834222
3588080
3859986
4000484
3653758
3738878
3752308
3705406
3771454
3694970
3810392
3731984
3942388
3865584
3954506
3570580
3901616
3990742
3656072
3666838
3806076
3628298
3694712
3743594
3629726
3709686
3668276
3726712
3711294
3804126
3791748
3538148
3729658
3826168
3570650
3709284
3898370
3881870
3843438
3829518
4072378
3959302
4020458
3704540
3899334
4113840
3571558
3852384
3616360
3715336
3813282
3778350
3805414
3831416
3745422
3861056
3987242
3648736
3637636
3935852
3817284
3857718
3725690
3756978
4152428
3939320
3875040
3807492
3722532
4048750
3892000
3699008
4015522
3984742
4144362
3998000
3908952
3796182
3914374
3929220
3859598
3806630
3792068
3631594
3741050
3966550
3724300
4050934
3737584
3748170
4106654
3618568
3826610
3858750
3962150
3707208
3832914
3691328
3842854
3928348
3740478
4038404
4098932
4102470
3772338
3843656
3901704
3894176
4042606
3767170
3808114
3877684
3672076
4134790
3815532
3735724
4364682
3814224
4020128
3787194
4077320
3771880
3933010
3671340
3847936
4025796
4089852
3776272
3874358
3873406
3779328
3912800
3957684
3682220
3770794
3999254
3834568
3748254
4067338
3986464
3596404
3898068
4067530
3813744
3896524
3764642
3787824
3725894
3772316
3852074
3821910
3866370
3815874
3775554
3873690
3828796
3834504
3890654
4068878
4147716
3896060
3836704
3850856
4277612
3912534
3957172
3773950
3874790
3882382
4100528
3891964
4046140
4240242
3791054
3930736
4000728
3860670
4082936
3908450
3955392
3886410
3987510
3995686
4323748
3963360
3770848
3845328
3753772
4243110
3661762
3944344
4126038
3841390
3638868
3832518
3874542
4034662
4028890
3823938
3780048
3852474
3886208
3851398
4040378
3725932
3750898
3815222
4005006
3931176
3978218
3716420
3856570
3934714
3780580
3775080
4057278
3736472
3934482
4007682
3754852
3970118
3854780
3840792
4066068
4099612
3851814
3824984
3797018
4088422
4033906
3842336
3974602
3810990
3885302
3864306
3969194
3880458
3988722
3947470
3754552
3962432
4100136
3761868
3847402
3909116
3989476
4050248
3801668
3949160
4075734
4026378
3887004
3906296
4043348
4006126
4123054
4052264
4015310
4050002
3877904
3954598
3994774
3972922
3825594
3861994
3815526
3837600
3907844
4032990
3973704
3881714
3990678
3683492
3858300
4067340
3889952
3908788
3831834
3753928
3988740
3864070
3847278
3966116
3890488
3757374
3762594
4026238
3893066
4000830
3891142
4053148
4036492
3946940
3886568
3926644
4025558
3797076
3940442
3920006
4049790
4006272
3891746
3984128
3902818
4019856
3965116
3949452
3923668
3886770
3999602
3941106
3867904
3982350
3948514
4002510
3839976
3964032
3920308
3976450
3932238
3836126
3883416
3808612
3971952
3872998
4162552
3928560
4006196
3979798
3971490
3757502
3973904
3926040
3870114
3948850
3928574
4024880
4025786
3828158
4039804
4066050
4000568
3748030
4047870
4109708
3857886
4258384
3929462
3961094
4122654
3932392
3936248
3935832
4187850
3821518
3947984
4083420
4071394
4017492
4157822
3987818
3942132
4011462
4021394
3905696
4135664
3953822
3947182
4026012
4303608
3968354
3837592
3886920
4089456
4045458
4055138
3910346
4030904
4306682
4078852
4059716
3904826
4006462
3850850
3819624
3971778
4072450
3960876
4027872
3914892
4007776
3922922
3902336
3890484
4002496
4079042
3925522
3837032
4028872
3915322
4207190
4005062
3920448
3887658
3912942
4075144
4069634
3813182
3935648
4019770
3977560
4198200
4017076
3904376
4327934
3984422
4424168
3892948
4046158
3830358
4273850
3925602
3944862
3891118
4040286
4134562
3989818
3978936
3875772
3910560
3831562
3928908
3849886
3848860
4179292
4181482
3908526
3917848
4098604
3880330
4172850
4006030
3865632
3937882
4018458
4095940
3914766
4016388
4066492
4113836
3993986
3960834
3818908
4289022
4054274
3992220
3870874
3992088
4104092
4051666
3935716
4210950
4456224
4032072
4166364
4180400
3881582
3994694
3966420
4040870
3884000
4063180
3907950
3900526
3970448
3920130
4196732
4130234
3945592
3834322
4053752
3992536
3994860
3913814
3846030
3882906
3831272
3930028
4115982
4208166
4122790
4070060
3831524
4194754
4058522
3963582
4140432
4065292
3948068
4362774
4036374
4051862
4125216
4156634
4081458
4021172
3874650
3930556
4121274
4023940
4013948
4143516
4070806
3938930
4179130
4238346
3988024
4071368
4038840
4106232
3970002
4019978
4065924
3918244
4001698
3947830
4289212
4128114
4079330
3921164
4188670
4235048
3842402
4171568
4025084
4091324
3922982
4060750
3911428
4073278
3930048
4055114
4072160
4105654
3824582
4002592
4169346
4079944
3923886
4095962
4301070
3977278
4101322
4095832
4000252
3878304
4280986
3989252
4007482
4047928
3979338
4137806
4044192
3926040
4061242
4555518
4379822
3977366
4317716
4042862
4056434
4234952
4155780
4217542
4137546
4023510
4210110
4127902
3982466
4110456
4188250
4489020
4262582
4080420
4346492
4074494
4084208
4440116
4308432
4032908
4115820
4133204
4152784
3942144
4021792
4193872
3949630
3929022
3957150
4087946
3907158
4243522
4096722
3897298
4443034
4016118
3976606
4115152
4203404
3976706
4014630
4282518
4317454
4055384
4051448
4184782
3949516
4226660
4158246
4231428
4253434
4193760
3986840
4093228
4019794
4210818
4342588
3963530
4068012
4265574
4150166
4068366
4154240
4121698
4201818
3973248
4040354
4026676
3901112
4044480
3985946
4255988
4413736
4001100
4212678
4299628
4180102
3991998
4110510
4239504
4271294
4367680
3985256
4294940
4045056
4147286
4199416
4089944
4241296
4220330
4106982
3859868
3946614
3995078
4080032
4113908
4324426
4121920
4105566
4290248
4100022
4020426
4039086
4161712
4148502
4100152
4146496
4053880
4208834
4084544
4134326
4185802
4186656
4167070
4185656
4128326
4020166
4308584
4189760
4309068
4235786
4010822
4218184
4327170
4234974
4128160
4497786
4244870
3977168
3984278
4061416
4134188
4042722
4000228
4307734
4417886
4245346
4294472
4054624
4320676
4344602
4204544
4329992
4256452
4173346
4146102
4138686
4145604
4073738
4342364
4199862
4204182
3969826
4033310
4294454
4509028
4097782
4576664
4295518
4027062
4177968
4220114
4292524
4004932
4257526
4173254
4085718
4178188
4309624
4483406
4151450
4115814
4224200
4583188
4417584
4136420
4111042
4290326
4182554
4018984
4001690
4220694
4275070
4113788
4323080
4157194
4155834
4195762
4192176
4261404
4023890
4285466
4139802
4050584
4019568
4199084
4243130
4055720
4308176
4172640
4137124
4238222
4035368
4116864
4159890
4151508
4105302
4154370
4231074
4168486
4146680
4110726
4382176
4311112
4062082
4095448
4365100
4368766
4037966
4180320
4320012
4285802
4026890
4149140
4308684
4173246
4231138
4354222
4167774
4444882
4207836
4276476
4284360
4165278
4088008
4284148
4209104
4297914
4396518
4267968
4147690
4167890
4149012
4326082
4439206
4345944
4146890
4269466
4220352
4333870
4116608
4159926
4166948
4361778
4138306
4299238
4337218
4219184
4338224
4151876
4333276
4284514
4416814
4205164
4400668
4330950
4331788
4606596
4238024
4404252
4288642
4466222
4254874
4377982
4505348
4367176
4516916
4401408
4349538
4293332
4254978
4292838
4285222
4322446
4548222
4377338
4403674
4444206
4219622
4480914
4234222
4205250
4231004
4127040
4081426
4277376
4218658
4351742
4361842
4322368
4180760
4345780
4172256
4357882
4231672
4284612
4241084
4066182
4256138
4164864
4371406
4124008
4214172
4353428
4320098
4356456
4315570
4297036
4299508
4379858
4337616
4463990
4429208
4299578
4442152
4493838
4228408
4454232
4389756
4266792
4184562
4226880
4194302
4350924
4362796
4399338
4442616
4340366
4130064
4173374
4549548
4396742
4209872
4321360
4275510
4357970
4092724
4578268
4326818
4501514
4505868
4154054
4500424
4268410
4330166
4307362
4196330
4661774
4506262
4331894
4220602
4356884
4112014
4223202
4183006
4345740
4552182
4431634
4284074
4568834
4471290
4271992
4267152
4327880
4428162
4276388
4548196
4287154
4503216
4279294
4149178
4385326
4442246
4251586
4236958
4171438
4679072
4426804
4568410
4396928
4510720
4273916
4565362
4338972
4666914
4587312
4242354
4312962
4415368
4172164
4274756
4332184
4452714
4235804
4533868
4795192
4355716
4226356
4455800
4376368
4633296
4520148
4556472
4397336
4571260
4182824
4347556
4439720
4480098
4492536
4240480
4538312
4353914
4410948
4311394
4454294
4329078
4425498
4902616
4513566
4424898
4593006
4449168
4676920
4390482
4656054
4790138
4266844
4476466
4366834
4287828
4337088
4541980
4413020
4574446
4366194
4368770
4366622
4277480
4321430
4548578
4444670
4298040
4571676
4425650
4485280
4767856
4393976
4529544
4411220
4627706
4293134
4682424
4872430
4441428
4452770
4382560
4283390
4574924
4569260
4258840
4548090
4453686
4878578
4557526
4659534
4351054
4379752
4418726
4257178
4432390
4304852
4381214
4757164
4368908
4572168
4333110
4289864
4839664
4348234
4319742
4465648
4430502
4212856
4417896
4334508
4705698
4354642
4478236
4449070
4581766
4595530
4322268
4437056
4314814
4667634
4290558
4594950
4763722
4516984
4846500
4721808
4496982
4725322
4511704
4546918
4467464
4549108
4579108
4442082
4593354
4394560
4318432
4883714
4630892
4473656
4716432
4501494
4527822
4400804
4347906
4232388
4330232
4611376
4445308
4462116
4409656
4550364
4609746
4390384
4423428
4668980
4552076
4599212
4364102
4379908
4398168
4282212
4441360
4436866
4622338
4361384
4510746
4641986
4583778
4352156
4421852
4506158
4807848
4390382
4593112
4570664
4414150
4240302
4418976
4570836
4571162
4363538
4362926
4337530
4439248
4601312
4641902
4512030
4478488
4370782
4416900
4536904
4362748
4393490
4544118
4419286
4368592
4347432
4521418
4447094
4396760
4705440
4514724
4642998
4559814
4470972
4493270
4495992
4450336
4398556
4759978
4515784
4309374
4405738
4706766
4480080
4224862
4595744
4603008
4386326
4496012
4513730
4521062
4531156
4595902
4356684
4684282
4597674
4793914
4704044
4464138
4322890
4724288
4700098
4620728
4534454
4498352
4537432
4486244
4491700
4528380
4647128
4460208
4542124
4445664
4685248
4731750
4427614
4613942
4580208
4626570
4494404
4449048
4603220
4439988
4434066
4653214
4817732
4428712
4554022
4730532
4785048
4402742
4655092
4898712
4896106
4423966
4492992
4496544
4687800
4593902
4546718
4818248
4475328
4409026
5137052
4571668
4499850
4434028
4546588
4482684
4623632
4579558
4804370
4516732
4472494
4544948
4354012
4602836
4642478
4418718
4778218
4709754
4429800
4792126
4573188
4627134
4422400
4516508
4825710
4485278
4578642
4486986
4473414
4503448
4383672
4673032
4595394
4740248
4644866
4541332
4544872
4466402
4725052
4519078
4714698
4576428
4354898
4983572
4624594
4656990
4385582
4440482
4730994
4358770
4340146
4882174
4398460
4721630
4581384
4798432
4526440
4329936
4587738
4754362
4433676
4482152
4668660
4479388
4697228
4583478
4593852
4635114
4563626
4664568
4429122
4458368
4747206
4627788
4472350
4765842
4441516
4527676
4511468
4613316
4749046
4396802
4520580
4648748
4468558
4595840
4474486
4823804
4638590
4633384
4652820
5040850
4553418
4618216
4533170
4426326
4586682
4393998
4333082
5044282
4585114
4695726
4834182
4362648
4635210
4553792
4493188
4323168
4610818
4574044
4763292
4488090
4930724
4359890
4592196
4466950
4483622
4774776
4898734
4741808
4855608
4712820
4578056
4799454
4512716
4903322
4537738
4506846
4680964
4640806
4947914
4657878
4648422
4723150
4420298
4781182
4720136
4454026
4830074
4340742
4748746
4790470
4460582
4712618
4503624
4999446
4706748
4580224
4874932
4608564
4648482
4759012
4614782
4674080
4656580
4920732
4548346
4456248
4559506
4621458
4485894
4865554
4566606
4833048
4962168
4385190
4615892
4798230
4897642
4528804
4702280
4468254
4641050
4389270
4597208
4912284
4473508
4571786
4590362
4621170
4639622
4581226
4522570
4473244
4511272
4828070
4714758
4835832
4678178
4481280
4595946
4694416
4441490
4812938
4695058
4882102
4566242
4436652
4884542
4767730
4535938
4696248
4668184
4398754
4550864
4495258
5092440
4707002
4575948
4481536
4670016
5055258
4782916
4779890
4622674
4752086
4871494
4601976
4558988
4687412
4654096
4516282
4507354
4699620
4586964
4679100
4441960
4763300
4543272
4854016
4588172
4710024
4956660
4743244
4509426
4646630
4580258
4777920
4738420
4683812
4941668
4503378
6107872
4877510
4756832
5487842
5079310
4981076
4813584
4709958
5197686
4609192
5955046
5761666
5660868
5423598
5929426
5366768
5639884
5324280
5771896
5275732
5317004
5370178
5703530
5495082
5343692
5488240
5215088
4916586
4950612
4775862
4704590
4985194
4782874
4481906
4560756
4594728
4509326
4670794
4864036
4725658
4992588
4848530
4965366
4792144
4723506
4627840
4964618
4866668
4578292
4773588
4698648
4722258
4796456
4989138
4641354
4804308
5268398
4974014
4802654
4747314
4613538
5195824
5626500
5142804
4939716
5335506
5755784
5720390
5219030
6160874
6080202
5563358
5139310
6317964
5659526
5290052
5326484
5805372
5940852
5522572
5493498
5626144
6140872
5555034
5171290
5291694
5216296
4817092
5133430
5025638
4700538
4889408
4702460
4862328
4747964
4739328
4772984
4630004
4677820
4593954
4880828
4791180
4580130
4588378
4869176
4535462
4620884
4882906
5017932
5030062
4878538
4607220
4716156
4795946
4722108
4819044
5810522
4766570
4715762
4688570
5673208
4830778
4968234
4737720
5024546
5395364
5207160
5241986
5322130
5823404
5794944
5496230
6395604
5767456
6094062
5465110
5715522
5787624
5511218
5424156
5831304
5952078
5375514
5577038
5735274
6508756
5170416
5479534
5210052
6840270
5481614
5484466
5610960
5744982
5382692
5580882
5358108
5354758
5336110
5661446
5270272
4877492
5071330
4874074
4880758
4679522
5002536
4921730
4584686
4759238
4875672
4585318
5182296
4750144
5356868
4999516
5018970
4966506
4804562
5004728
5159028
4868284
4805000
4755516
5074848
5061018
4864182
4883388
4951748
5028508
4615412
4827016
4938314
5266638
5282856
5145664
5003828
5185806
4932200
5081340
4842610
5137018
4933422
5063294
4867266
5025304
5067642
5005954
5022800
4998930
4993648
4963014
4740498
5044856
4783282
5364342
5017002
4956012
5025686
4686740
5554134
6211750
5115208
5046042
6095562
5977718
5710658
5545268
6161592
5988044
5961394
5528188
6475162
5671296
5537118
5429660
5772430
6318974
5555146
5801940
5537012
6300586
5853784
5507074
5492752
5834912
5986236
5784934
5300014
5625730
7021776
5698272
5419872
5590030
5917574
5617292
5412190
5719500
5680724
6059178
6046848
5513034
5790094
6521310
5693868
5669384
5438122
5917970
5870872
5605888
5628752
5745846
6028938
5465194
5558152
5556380
6546876
5663264
5613630
5715446
5873376
5583364
5462606
5495734
5692726
7239630
5778066
5556826
5533322
6264264
5767516
5664438
5672598
5635356
6469612
5840762
5417370
5612144
6104756
5495926
5450390
5710512
6137314
5954768
5889670
5757576
5725558
6231154
5421572
5802336
5604536
6486914
5699356
5427112
5742666
6014582
6163762
5623772
5532802
5511924
6486648
5327066
5796346
5998468
6941282
5635664
5527800
5500770
6106054
5975874
5876222
5667726
6327526
6527970
5625006
5895540
5549330
6382852
5876396
5732854
6107136
6887166
5653332
6081442
5605332
6073518
6309996
5345098
5410818
7014004
5986880
5428958
5719754
5750730
6102112
5388748
5624926
5571862
5962034
5787806
5594098
5508470
8005620
5918432
6218698
5678024
6905716
5531898
5501738
5562800
6475094
6253256
5827094
5619516
5658052
7667550
7186400
7264406
8419340
5960944
5977074
5695744
6707272
5629882
5728392
5592992
7619570
5628338
5731724
5740010
6779104
6073188
5871548
5957100
7145844
6100124
5545266
5612198
5864810
5962950
6041280
5722270
5580146
6491118
5826416
5688844
5765604
5660026
6491842
