4772
5252
5480
5248
5436
5394
6156
6530
7026
8170
8454
9096
9804
10462
11442
11712
13262
14570
15042
16226
16692
18220
19738
20314
19582
21570
24008
25408
26848
26866
28670
30372
27572
30542
33158
35610
34346
37504
40146
38428
37626
37612
44182
47710
49058
50950
75016
51884
49780
52030
55450
58440
60380
53742
62990
65128
67804
60184
61882
63762
65290
66820
79516
71596
84292
85742
88980
89496
90290
96756
92084
100340
103002
105460
110292
111286
113214
117060
118698
122072
149890
121506
116144
123248
127456
117476
575094
115284
116374
118994
121458
123906
145936
150606
142238
134202
137686
140334
151880
146166
146538
147744
169212
146188
165146
151344
153868
156082
160402
164040
164582
167236
172548
202784
184088
173580
193816
192030
180134
182820
185568
187420
190636
222900
213036
190790
194270
227780
203374
201616
206672
238858
204982
207174
210066
240484
212196
231834
219500
251950
218478
254500
257486
243484
252300
249106
290470
281798
232998
262998
249062
242272
243102
246844
247592
299890
246176
249998
252588
272792
258852
261918
256624
261202
279150
279124
276504
286642
315172
267860
273306
274858
304506
280342
285856
347072
360454
281722
284336
287808
290588
291984
316366
300514
362456
367402
312056
313158
344242
317312
324232
344180
328304
331086
337320
339370
390564
348480
351648
354878
375102
358444
363212
364886
368950
384590
406770
386366
399052
387586
390452
392948
396334
399464
421952
408354
425044
415000
419598
421302
422682
474018
432862
437074
456848
457956
462804
518936
517246
531044
470346
503536
501228
503220
537700
507848
511088
517844
555456
504996
593704
530086
566358
522450
528214
552248
534638
547108
657732
617206
548872
553900
584880
681090
577732
567588
571022
574930
606118
567388
570898
575360
578358
583686
589374
592136
599416
660410
789964
738174
687304
614942
623886
626862
641566
635412
641018
645672
649076
738254
658030
665000
668848
756206
678442
681398
681990
686624
699404
700916
699314
743668
709722
716532
759120
725582
730960
735518
737622
746272
753390
791282
762298
764874
771880
773572
789490
783584
783414
794216
795434
801650
813710
814158
816544
820832
828458
823894
835530
835756
893610
862514
853100
857744
861440
864488
872720
869202
880248
882328
889694
955588
919400
913556
917298
935722
922006
934594
939668
948774
948282
948144
959148
965780
964422
968808
979914
982772
988072
996226
1000874
1004670
1007512
1014812
1084258
1061638
1217790
1266676
1275594
1050418
1185336
1085264
1102042
1114008
1073952
1078890
1106454
1105376
1187550
1764726
1392618
1351298
1361222
1362068
1365892
1410838
1343042
1350696
1356086
1367326
1401256
1379160
1386534
1395016
1395150
1400428
1422120
1381036
1340882
1350226
1358918
1366554
1382774
1377966
1389292
1394370
1400226
1407408
1427510
1417936
1423092
1434336
1435432
1445448
1411006
1419528
1424934
1434038
1440692
1486866
1458102
1461864
1536614
1498176
1382220
1329350
1267026
1253002
1412708
1564524
1493306
1347430
1335754
1372002
1405134
1408526
1538688
1481810
1471788
1510936
1471436
1563278
1459890
1480060
1480426
1500896
1562284
1560768
1623332
1584880
1678544
1757698
1612500
1689328
1627064
1588978
1635082
1618712
1573830
1598068
1588782
1993648
1603520
1616940
1636278
1682482
1767290
1993814
1835028
1910584
1773280
1744520
1721274
1788948
1839092
1740600
1746008
1747642
1772358
1788966
1773864
1727084
1763600
1758808
1802154
1902462
2021820
2008518
1979768
1922662
1848748
1944788
1885240
1871710
1878618
1886542
1918520
1843236
1850966
1860210
1940696
1948998
1961100
2376906
2317842
2081774
2019764
2011474
2192584
2085202
2018862
2045734
2032388
2032506
2064520
2039956
1991838
2070430
2263022
2740284
2210830
2166472
2152822
2110692
2136052
2125438
2161932
2194024
2157476
2175160
2184342
2171566
2185404
2548128
2590680
2362748
2361408
2246242
2218808
2251940
2275032
2246878
2254260
2258028
2299628
2340540
2364242
2561446
2859734
2493304
2407744
2366370
2347484
2369970
2490496
2383282
2388916
2426912
2408318
2451936
2452336
2981374
2703130
2721946
2556370
2478050
2534122
2485886
2496048
2579058
2513806
2519330
2619184
2697682
3180756
3111110
3106306
3152458
3199988
3182060
3114668
3140180
3096866
3104522
3142190
3232466
3188244
3191842
3200218
3225994
3316940
3215160
3212340
3003338
2753438
2999836
3062872
3370402
3303904
3324122
3277320
3315368
3293320
3333488
3305572
3349702
3260382
3035434
2955556
2920652
2906190
2969396
2925856
2935692
2960692
3064440
3053294
4059916
3181532
3108844
3031456
3062198
3033654
3054666
3088730
3061040
3130396
3451954
4030792
3718570
3627796
3647674
3615558
3638850
3647196
3660266
4028814
3801748
3414754
3287288
3271092
3237186
3277868
3245766
3298930
3388788
3772558
4174684
3898892
3851068
3816856
3843420
3843364
3854304
3943972
4437256
4177340
4006336
3936392
3960040
3953602
3961310
3982100
4426206
4320122
4137810
4067866
4084912
4068176
4031236
4059720
4623764
4600378
4365994
4223110
4185762
4152730
3702892
3743904
4639888
4043922
4398152
4248308
4242530
4285114
4261576
4365458
4619034
4256762
3949372
3925738
3889218
3953948
3939764
3956196
4110578
5180456
4146778
4101506
4051680
4050770
4037802
4058498
4168402
6022828
4619170
4511242
4531234
4523222
4548368
4626106
5843688
4819690
4244262
4212644
4172184
4263020
4256186
4415968
4936190
4883310
4674992
4717902
4702530
4712814
4857282
5731958
4873794
4832356
4794636
4804492
4868994
5133940
4847794
4508504
4474140
4616018
4956248
4532624
4861432
5194598
4792394
4752316
4579498
4569852
4688576
4744962
4982912
4806940
4750324
4708506
4702496
4725046
4867676
6398018
5219792
4850488
4857320
4925598
4841440
5307666
5021590
5125050
5127898
5226210
4971928
5008732
5655334
5179304
4979152
5013164
5017174
4992502
5244724
6003112
5120024
5214426
5126606
5052430
5156230
6753200
5390148
5193876
5176428
5169122
5324232
6192940
5686274
5292618
5228826
5230724
5287296
5790020
5730664
5502994
5382640
5361714
5372604
5704648
6064146
5508082
5511176
5439890
5582778
5911642
6016386
5555826
5543820
5561424
5525746
6268564
6002124
5755694
5588612
5609372
5584244
6172732
6200408
5753666
5671168
5683612
5870600
7006766
5960666
5756458
5736822
5737256
5813490
7327612
5962852
5900942
5831162
5838442
6436702
6383988
5891012
5928052
5898008
5932168
6972036
6175388
5926480
5734172
5764998
5843644
6823228
6089796
5848354
5929258
5743882
6391138
6388370
6052264
5868958
5832470
5787036
7235502
6469530
6046674
5969620
5863764
6323260
6717290
6257074
6175646
6096328
6082850
7985036
6349338
6367608
6125002
6078298
7720980
6642048
6371560
6365918
6203722
6653518
6849058
6465560
6433814
6192060
6523168
7002366
6510156
6497250
6269242
6475296
7409648
6617094
6578744
6407878
7096232
7715402
7395346
7573952
6858142
7551016
6971264
6889202
6811302
6779370
7739286
7424222
6767256
6702834
6808542
8601360
6832076
6748942
6776810
6866538
8491588
6911658
6759482
6774730
7029802
7912808
7377110
7313726
7216070
7947308
7556608
7315190
7258438
7333104
7437190
7627566
7345176
7402822
7692044
7722348
7435856
7353182
7220338
8092778
7523790
7480484
7219186
7552100
7657230
7200712
7086832
6934672
8282784
7712156
7237312
8048990
8705288
7920298
7278344
7281318
7341384
8826768
7472608
7389574
7336310
7580390
7924362
7427938
7351570
7214872
8767510
7531474
7535474
7659624
7746980
7766028
7498660
7466400
7374734
8530510
7848760
8463374
8438402
9581964
9066404
9079660
9166922
10136068
9079252
9055060
9216394
8062244
7815554
7896588
8175244
8955962
9249198
9649296
8663574
8318990
7891088
9189816
9523544
8419060
7944942
7891474
8852016
8342074
8000876
8397824
9957034
9524092
9498296
9714250
9778974
9941866
9661814
8397976
9743690
9700806
9420136
8586718
8173756
8075518
8091788
8766564
8476460
8147786
8749734
8581794
8633990
8205816
8103220
8614900
8738754
8256432
8135704
8159422
8961144
8259754
8132206
8317338
8961268
8443218
8002662
8203064
9173310
8580780
8227198
8182324
8644284
8381742
8055098
7997200
9877518
8528000
8043208
8200500
9338224
8519444
8215842
8728702
9066852
8545478
8243758
8603908
9097414
8439764
8217190
8552130
9247288
8765946
8562220
9230230
9221418
8481132
8536382
8587040
9043502
8458476
8324664
8979508
9027144
8495812
8240334
8979458
8870862
8424556
8411806
9020180
8856804
8661690
8371364
9162012
9411998
8788112
8748382
9638782
9136262
8852948
8996282
10309312
9274198
9272610
9541148
9905740
9245656
9118096
9988056
9238978
8883412
8639412
11034550
9167140
8911460
9377176
9421388
9003262
9014456
9385086
9296554
9060122
8598634
10303288
9232372
8865274
8936912
10555858
9301664
9085680
9535102
10102916
9508066
9338138
9763954
9265168
9116594
8982552
8757926
8653748
8606504
8618626
8729458
8634340
8506004
8855900
8687310
8805936
9173450
8703540
8645396
8859608
8963968
8986816
12720470
8619580
14145946
8734842
8657158
8582674
8713656
8638022
9246406
8973194
9092322
9163288
9160800
9017982
9125848
11487390
10936474
10938910
9312374
9186560
9261942
9587356
9151122
9376202
9311524
9330036
9345366
9522084
9353638
9818928
9293406
9411762
9258158
9510578
9293482
9410494
9342932
9046606
9269598
9139264
9236706
9240390
9132850
9353786
9244916
9303760
9261778
9198654
9431222
9303956
9470262
9731078
9613898
9866320
9762680
9833608
9824988
9531452
9607462
9617578
9578792
9578508
9574894
9714756
9595690
9858250
9712276
9535168
9922968
9681310
9734700
9938602
9660312
9866576
9880472
9848218
9833534
10143732
10181476
10208906
10665912
10245756
10286522
10424960
10455508
10209190
10451790
10271962
10501326
10431578
10397838
10405488
10506840
10154362
10036802
10216744
10233122
10083582
10216124
10211316
10153538
10185900
10349302
10319668
10191208
10402812
10396192
10203444
10780812
10609810
10658808
10788468
10664628
10689986
10424074
11328290
11168086
10761994
10879768
11146172
10874900
11162270
11014800
10802150
11108846
11220970
11260754
11279916
11432486
11090684
12011246
12084778
11713918
11507954
13510328
12354798
12027918
12763174
12301242
13451808
12809396
12339048
14731990
13016682
13019902
13956502
12979514
13901710
13468878
12912888
12762466
12616718
12197452
11866746
12025766
11780282
11734510
11749986
11798646
11796820
11849836
11749642
11814322
11800924
11623722
11549996
11684652
11674394
11591536
11837928
11656226
11652614
12132128
12599162
12537946
12351322
12546424
12340212
12747086
12305226
12270362
12441134
12357074
12268306
12535362
12424558
12653266
12957088
13720256
13228726
13531686
13215244
12770918
13187460
12785170
13013536
12931584
12783682
12868456
12963300
13075196
13027496
13058448
13010110
13082508
13170372
13087170
12969156
13146406
13064442
12856066
13154472
12915954
12911794
13322322
13130422
13134016
13440338
13015584
13419234
13355356
13374782
13355222
13366186
13107124
13110954
13251216
12999528
14560852
15508748
14755650
15981218
13586786
13194218
12936384
13184180
12916472
13149578
13102852
13101948
13188950
12858158
12848520
12790258
12999956
12731032
12899814
12938010
12868478
12986228
12916678
13185018
12922672
13265944
13008106
13087944
19231978
13143370
21826148
13852544
13919480
13628094
13778740
13578732
13573808
13745864
13569212
13589372
13611474
13698396
13620418
13942094
13730070
13398780
13550766
13284662
13416666
13959206
13726182
14180160
15200742
14068376
14232894
14175398
14108632
14365886
14012816
15061852
15903056
14048500
14067138
14052978
14059870
14192216
14284346
14069402
13881994
13920076
13782842
13966292
13976084
13875934
14089660
14024936
13922290
14280906
14049824
14851774
14487766
14816836
15362332
14830002
14527798
14582948
14737410
14834246
15622352
14813458
15073094
14824530
14780544
15218520
14922100
15027814
15082098
15082058
14905414
15306044
15623172
14976818
16627818
15398948
16015220
15773806
16822638
16085938
16381016
16548918
16119112
17220932
16905346
17817030
17481682
17900668
17976204
18390842
17635674
17651814
17245584
16611748
16265576
16204656
15659066
15767590
15628680
15609992
15524728
15893804
15703142
15691910
15820840
15802540
16488896
16315244
16295566
15747620
16291846
15751886
15921816
15972042
15978812
15821886
16108274
16100056
15989398
16214876
16009168
15969356
16099316
16261042
16234514
16430640
16387912
17004436
16993478
17939366
18065450
19514690
17071794
20129236
18622372
18624812
19149118
18539288
18584372
17723902
18768400
17415378
18335668
17458102
18401966
17148302
18272856
17132926
19012420
17397402
19935974
17810852
18861508
18189382
18292000
18383172
17785234
18940874
18417988
19624148
18586846
19658514
18652426
20779848
19043084
19643126
20124372
18973016
20521748
18661192
20386840
19085246
20013246
20307846
19041998
21032266
19034924
19941556
18710250
19772790
19605402
19078512
20090576
18855498
20906454
18927226
21203148
20373918
19527912
21282826
19634706
21070918
19851224
19952246
20724292
19401630
20709974
19669130
20927022
20507000
21198002
21677788
20226314
20975224
20481074
19943360
22155622
20059056
21003368
21040746
19877158
21581434
19665970
20166562
20999052
19844610
21038234
19466852
22100542
20381524
19815718
20725100
19197512
20698194
19146808
20397078
21172864
20257626
21729358
19628468
21203062
20837418
20056156
22420820
20983740
20817278
20556458
19443622
20535676
19505492
21402344
21328838
19990076
21609128
20224462
20519178
20763790
19534670
20787962
19436992
22732170
21512448
20295890
21530562
19973252
21398504
23045588
20832978
24269930
21324688
20779602
21595858
20117834
21049236
21811786
20447622
22244632
21039516
21214822
22023886
20429872
23179976
21961236
20458738
21008252
20999936
21308742
20924834
20234722
21831708
20366190
21585608
21221792
20143118
19938194
19694300
19520820
19515154
19169718
18979334
19244248
19336440
19018440
19282804
18967958
19379940
19269242
19957382
19428100
19264508
19479220
19648168
20047146
19496688
19360980
19571000
19453778
19666320
20262100
19592720
19780904
19720128
20256562
19948976
20394400
20556742
22329146
22285488
20712044
20961680
20418738
20419360
20221330
19927908
19658990
20096360
19844934
19935718
19916654
19799150
19961288
20353504
24888040
26205876
26570932
24581416
24529262
24661510
23862004
23637828
23695786
27807074
27817538
27524130
28422198
28649020
29191874
29246320
29597100
27299596
24959106
24703544
24555352
25203362
26727464
26236260
25481692
25098388
26417694
25218402
23453484
25600006
26302188
24881786
24107784
25280760
25273202
25684524
24295620
22793666
21776552
21803036
22113180
21761690
21709770
21616726
21693710
21991370
21154046
21202254
21356876
22049540
21279890
21221880
22517252
23245018
24521858
22582596
22865582
21925542
22300332
21830180
22258614
22174128
22025482
21653102
21495138
21489402
22089506
22635526
25413392
25491004
25628170
24980306
23577486
22693882
22600658
23142206
23543888
24292908
23562114
24066282
25042736
24386436
24408244
24930954
24942488
25694248
23997824
23443290
22959854
22663978
22609938
22057796
22693556
22214064
22393898
22394420
22562452
22201660
22587492
22368638
22459912
22704612
22547298
22616904
22542342
22596176
22488530
22578318
22707146
22714524
22656858
22525484
22805004
25836192
24851736
25614936
26709078
26327784
24722228
25080764
24190952
23881998
23588576
23287202
23149438
22972748
23164182
23052174
23193444
23116478
25087572
23873044
24496580
24028734
23962582
23616508
23338542
23296824
23423146
23223714
23471132
23292524
23386612
23917018
23514702
23494198
24347260
33458046
33574318
30751150
28225456
27825072
26388846
25056996
26230424
28634850
30210538
28830450
28411424
27100608
26322940
25189730
25310848
24871564
25219882
25052244
24989260
24982076
25406028
25004604
25047584
25094670
26052262
25259052
25474926
25448138
25307948
25303924
25356772
25346448
25405580
25750614
26871042
25214656
24819728
26689528
25645804
25978460
25541674
26115254
25640538
25722978
25472762
25528312
24594490
24655716
24868858
28463018
26760470
26313194
25903604
25813724
25899256
25897740
26573262
26504848
26125690
26184794
26274034
25969958
25876532
25555896
25655234
27395148
26674606
26315184
26441738
26731124
26974516
26652978
29338388
28852018
27569916
26748820
27137190
26564558
26516228
26637454
26543370
25841550
25919374
27378702
25961240
25692042
25829442
26144004
26609798
28266166
28112224
30545152
28517956
27573986
27462756
27382062
27150032
27108644
27226502
27406088
27397348
27926512
29478402
30424462
30740898
30863274
30031764
30300574
32774770
31648808
29290950
28727152
27659420
27661920
27739218
27574378
27926704
28158926
27826706
27774710
27934762
27744956
28153936
28609794
29301340
36235516
32757640
34622684
32711044
30522510
28843910
28301506
27936090
28072912
28028488
27661686
27981706
27321450
27104730
27612306
28432688
27896798
27861336
27702940
27554690
27439144
27731240
27786436
28088116
27817008
28018076
28299386
27754966
28711082
28597088
28013022
27605706
27768390
27856664
28203750
27918210
29011154
33562882
31551460
30663832
29603292
29432478
29078278
28879562
28568802
28253248
29225024
29871288
29258132
29887884
28827928
29573742
28585066
28831884
28821786
28370156
28441064
28233792
28348358
28330054
28291214
30494860
31120426
29809796
30004924
32036452
33335700
36375562
39272044
39448490
39542438
40147092
40993252
40202778
39196896
36532764
35997244
36190168
40539440
43099280
41383282
42051552
40118034
36803514
35277608
35759970
32547520
30525042
30010788
29762282
29744370
30795040
29929964
29724894
29834914
30424152
29712000
34511742
35177004
35751384
38228578
36974566
37978196
37092894
34422238
33557344
37234722
38791768
39626070
39844652
39606164
39125730
39294772
40467246
42724154
38085102
37838542
37878634
37487126
38358748
37948220
37852584
37975540
38662910
38033228
37874974
37776150
37688352
37988200
38207226
39169806
37871908
41837736
44960038
40723786
45791528
39087784
39244392
39818954
39041834
39027720
38762386
39089032
38463988
38855858
38832810
40212352
40019834
39345984
39020838
38688446
35062074
32842854
32657490
33101034
32760306
33903068
33859182
34234472
34959988
33579616
33051190
32774294
32299700
31898138
33752440
32091032
31516784
31902044
31891788
33187970
33109750
32672610
31799480
32183732
31721254
32687382
32275954
32414066
32524232
32545964
32509374
33084020
32611126
32341246
32262242
32507864
32382006
32568130
34420392
37020416
34746520
34397374
35605812
36529964
36020106
36526928
36041514
36313314
36497020
36336880
37673032
40088696
41956106
38691758
37856670
36953376
37121340
37333340
39517834
40410074
38756800
39747956
37225536
37219758
36784594
39328736
40112422
42924606
41215770
42548522
40881824
40823864
36830832
34937484
34772390
36328374
35907646
35610066
37649380
39800692
39178340
40030708
39477846
40236614
37371404
35940130
35007114
35656990
35206832
37188086
36943202
37385952
36928684
35940858
35317568
37851892
37056020
35482152
35363940
35528502
34711574
34336882
35363294
36991142
36250516
36070506
35592560
35206494
34870850
34568426
35770002
38492596
38064558
39436304
40619484
38350776
39295254
37312676
35972866
35276750
35400316
38803534
36841930
37150898
45276528
50133884
48647680
43288662
42945798
42446900
40575906
41998566
39858554
40438642
43071590
38687332
36640616
35913458
36158934
35546832
38333940
37875244
40141150
38505528
37811844
37686488
37980870
37738552
37629380
39550104
44438336
47520958
45356056
42767994
41216336
39687410
37861234
37338846
36768052
36897732
37318440
39234284
36772192
37071746
37541056
37314580
37046790
39152990
37817820
37231176
36798976
38524236
37542344
36806352
37010942
36656858
36529794
36798932
41337400
40067808
38071944
37899614
37166666
36972216
37776830
37321834
38409916
39644238
40095422
39314914
39943820
40742162
39574462
39112780
39432336
40280018
39673566
41924952
45692596
42563698
40991390
41845730
41420972
43650230
41750558
43599306
42558050
43794298
39828152
39225166
38661882
38297538
38336570
38130342
37920300
39083430
38386978
38306498
37994828
38266388
38064330
38953692
46836264
50897334
46633222
44552728
44610554
43289406
42053290
41213430
43974676
47997320
45915196
43938874
42039478
41205864
40365196
41347546
41083240
39480688
40736116
40193184
39091066
39352630
39064730
39091076
39284600
39154864
38990994
39300038
40218148
39519594
39940894
40655232
39194976
40490694
42428138
45130246
42607930
40928378
40106524
39453938
39568266
39295040
39556028
39410244
39531456
42075570
39979968
41289502
42950318
40062270
39840146
39801402
39912948
40213222
40442286
40257060
39513538
40183328
39655476
40205350
40086646
48106334
46018360
43457740
41646994
41719218
40872914
40327544
40005974
40408300
39828070
43026848
40318984
40095256
40460168
40068526
40712052
40913826
39849724
40886620
41552314
40532730
40595294
40872568
40447754
40286338
43435428
51256738
49141082
44219148
42166300
42768968
42477986
41865502
42128624
42383964
44318684
42223296
43084272
42416128
42195664
42754330
42313132
42271058
42554506
43781696
42694584
42797028
42534212
42519190
42754460
46856174
47941972
52871782
47708136
44694848
43410600
43126478
43003398
43214658
44163556
43681614
43612862
43052942
42885998
43232268
42973254
43192798
43019192
43440124
43016214
43205790
43101850
43418336
44318616
48464162
73774968
56543500
54003536
49456562
44568792
43942816
43397938
44207682
44383546
44235622
44135328
44157826
44675594
44767120
43951908
43855400
44647052
44541886
43816002
43984890
43583824
44243606
46738572
51696260
50115628
46763298
44795182
44956342
44950218
44479616
48717178
49605748
45761828
45185080
44901720
44164548
44546654
44882040
44919032
46235236
48775098
45649160
44807378
44767232
44584668
48867840
52085934
50743628
46165216
45868564
47103638
49386358
45978976
45591882
45738458
45741358
44898004
45147342
45008810
45201506
45408082
46353024
45702032
45613346
45262144
45523676
46256930
46556780
50140238
55419556
52951898
48125838
46350428
45731668
45621508
45652954
45508142
46599208
46149206
45874794
45619792
45887640
45644024
46091378
45952700
46431550
45814480
45971930
46487458
46096804
46764898
54450572
54899502
51580538
47895594
46988526
46338626
46712500
47682064
48511852
48121496
47902462
47583790
47062362
47072508
46753938
47219096
47726104
47174130
47262398
47713076
47610956
47208626
56295856
55815902
52125104
49166526
47832756
47304244
48822700
48119336
49582678
47618432
48333352
47512004
47456680
48119464
47796488
47767328
48328218
48191988
47576092
48111566
47963706
48171062
56278884
58484440
57378808
51893522
49030042
48052150
48579328
48069508
49741820
49076014
49100948
48411238
48431956
49675888
48841994
48210172
49144110
48950358
48530584
48422974
48681498
54702300
52130834
49977808
48920940
48675534
49111710
48669948
48821226
49440968
49132654
49214474
49215276
52194784
49173512
51154878
50152270
50066760
49727830
49380206
49292852
50607792
52937238
59018186
58430582
52414606
50155596
50124228
49653388
49652886
51222912
50136322
51155030
50299920
50202820
49733338
50047148
57962430
65198552
58810036
52797052
51154538
50658148
57045280
60600504
59082618
52463984
51368960
50852336
50734326
51031274
51465300
51014098
50575780
50486126
50735770
50418920
50814436
51052654
51697236
50528678
51212558
50666342
54722800
60592018
60160412
53900416
52431634
51290200
51742112
51305488
53341614
51824436
51843780
52839290
51854454
51232102
51426606
51785804
52617494
51836226
51547006
52056304
51868000
63462280
61897068
58054620
53896766
53161438
52251074
52016782
53997166
53224516
52474896
51856588
52427962
52080178
52232618
52957772
52587786
52345132
52490744
53457476
54120184
62530186
60815246
55790948
54080698
53435334
52992934
54457600
54670836
53713402
53537292
52891544
53077258
54788998
54015878
54405812
54083288
53127610
53456840
53873724
56223212
65658886
63825166
55804234
54205478
54247898
53582582
54418880
55538504
54450352
54908834
55401954
54070384
53790666
54822604
54808134
54300748
54958728
57773638
56231220
64521044
63219684
57458380
56221906
54745730
54289502
55174778
57602848
55259264
55042496
54461028
54604682
56450642
55691088
55722158
55634750
54729352
55027210
58047068
67400118
62193994
58225972
55386494
55069464
55819046
54602738
56002514
56283772
55062288
55377836
56458092
55331278
55897808
56425960
55550072
57643106
57984894
58913364
67039166
64976448
58046892
56027874
56424830
55914784
56745720
57573498
57115960
56251668
56747294
55998900
66775690
75159766
64286376
58527012
57086302
60153422
70005904
70327258
60595704
56929056
57508384
65916764
60472242
58566400
56220548
56631556
57267942
57240976
58675064
58268002
56622108
56876648
57504160
61547732
69181344
66693810
59525186
57056934
57412828
58769848
58163348
58224236
56878148
57461562
58109960
57375024
57385806
58672380
58080280
57996256
57919198
62301848
71195466
66120994
60160926
57674582
57545372
58112926
60356988
58781418
58134024
57992648
57898602
57932988
57934978
58498846
58457704
58573666
59495426
63500962
70208150
65063360
59918762
58096056
58423974
58364756
59590572
60100782
59543410
58458486
58743882
58819756
60188712
61761056
60600022
58655576
62677864
70362000
71337718
64687256
59978012
59132516
59416674
59671304
59812120
59303370
59179966
59067394
59318690
59149118
59966058
59329962
59174784
59708198
60458470
68604780
72343958
66878566
61216812
60367128
59739108
60506436
61285552
60528106
59626914
60115950
59836390
60213750
60934682
60872208
60378670
60339712
63982816
66065036
61806704
60380710
60631846
60257416
60811566
60867488
60880054
60371606
60888542
60818958
60972300
61419188
61328066
62660314
64253694
63085464
71031152
74595340
66942002
62387180
61474732
61987812
62758724
63068856
61879232
61260520
61646038
62215744
61981388
62229572
61672764
61865536
61849536
70324448
71481552
64241634
62873670
61937658
61995168
62830848
63519742
62103104
62027268
62834268
62167972
62727702
62962916
62618692
62438726
62836100
76153988
88441366
75893096
72031672
64335086
63920790
64202116
62891862
62710838
63636696
63347850
63755828
64999340
63161970
64223138
64373384
71487514
79197028
72757370
65104702
64022500
64255652
64642202
64055534
64465416
63982298
64024282
64701978
65226118
64341192
65049976
65429718
73791032
76990426
67553386
65083780
65372462
64619772
66513788
66393814
68946038
65562700
65490616
65677530
66565938
65913958
64816114
65020748
74196772
77719788
68796218
66540242
65450942
65456280
67051672
65301238
65208642
66618900
65356318
65737906
67805940
65747892
65819460
66854476
75227712
78421032
69937486
66374184
65955120
66575164
66735172
66129180
67105754
65920294
65972062
66863838
66838004
66154084
67665036
67502790
78260042
80299204
69771630
67175840
67520970
68093492
68066382
68152108
66599446
66906390
67857580
68408414
67235526
67635616
68351904
71359276
84016784
81025360
71409286
68293774
67338698
68625172
69569550
67889820
67477374
68247056
67791884
69043232
68456156
68382534
68611760
76753048
71707392
69687388
78771956
71842236
68788974
71881266
69118316
68372728
69209536
69822326
70087298
69776344
69785738
69030038
94978798
87144292
78065496
70964262
69337568
70995044
70358250
69268892
69950024
69004434
69189280
70447082
68894650
69307614
69467022
82209620
82292820
71937722
69694750
69229504
71213738
70981136
69701148
70632634
69440876
69491390
71411546
69677136
69586648
71574436
82629466
82608392
73385148
70659982
69976662
72992052
70536664
69859582
71211510
69876392
70471984
71659264
74691034
70586494
72669216
83922298
83424104
74138452
70601446
74406762
73960064
72318172
70846220
71738018
70318098
71500168
73245980
71312554
70607124
76060028
85039424
79023950
73378498
71795348
70712344
73292190
71112956
71166216
71912284
71226940
71331660
72772790
71147340
71880542
74489052
87257470
82737268
74495916
71525286
71881430
74611116
72417160
71407214
72019844
71668774
72760798
72524506
72775582
72692674
76691524
89192298
79780240
73994704
73769322
74250502
74309566
72211730
71996206
72618926
72230420
73617704
72729998
72771794
72620132
81458682
74863784
72899738
73114260
72677210
73338768
73480986
73004738
72832480
73843540
73057216
73111148
73311582
73331376
77327472
87388354
83436538
75190680
73747660
74843074
73789992
74074546
73710868
73601982
73573256
73943526
74151152
73999772
73530806
101027908
95982682
82645500
74994416
74474278
76910088
74181240
74115322
74080210
73934072
75655044
74421642
74930416
75389086
92011988
82208410
76466272
75015098
74645020
76066302
74974570
75036420
76550024
75648462
75993728
75346126
74892350
76098412
87573730
82855674
76777486
75824310
75521996
76325950
77433358
110095132
75177698
126630460
81355460
79962102
83540734
77506652
75293566
76209234
75610778
75585504
75760126
75443686
75550234
75795622
76309508
76070648
76418896
79943400
88551618
83834204
77419430
76096978
77575768
76539260
76133260
76328892
76478546
76512324
77457526
76333506
76151340
80881506
94628426
86374748
78664232
78417930
77655022
79098580
77262780
76740308
77060728
77330914
77682006
78043014
77582480
83121810
98538202
89951646
78581876
77276428
78730722
78820128
77030496
77269992
77506578
77649090
77917438
77705054
77662894
85481296
79403142
77828624
77699514
78092758
77847714
78704306
77773956
78372652
77680206
78378776
78354842
78378234
83043566
91747398
80985410
79271602
78225118
79861812
79203010
78627858
78771944
78829380
79720324
105478724
88313156
83646026
97454052
86026450
80288346
79610172
79975418
81586918
79604192
79335616
79151698
79846910
79678392
79800216
81319658
96382350
83262834
80150998
81367730
80779092
80843824
79910332
80049294
80401792
81056374
80700884
80512890
81683314
93932996
86662938
81220084
80656202
80387422
81240012
81031534
81036750
80631648
81531110
80761068
81163884
83128652
99121528
86813372
82490500
81047534
87185194
83625602
83155718
81369342
81289214
82653986
81832966
82280062
87425216
99569340
86115938
82133604
81933072
82856920
83757600
81970516
81569304
82330986
83376572
82472592
81990904
86255210
99809014
87692362
83392866
82005362
83495136
83973938
82644222
82617930
83070354
82982588
82606902
83040480
91618158
102104640
91030168
84136282
82916554
84272314
83447474
82732814
83833180
83523728
84103464
83985332
84450554
94443002
101233484
88952562
83756234
85311796
109294044
92515580
88320782
90793544
85715724
85433838
84232500
84213070
84474906
83668662
83903916
84844736
85709480
84139212
84161580
94687472
101092248
88393382
84782744
85333268
85982790
85262354
84344866
85658336
85297176
86012466
85651946
86562312
90822178
87379256
85547074
85399036
85713750
86661332
85675308
86064762
85555122
85417884
84806708
84965968
97926268
97240792
86891584
85007546
86889012
86430252
85922728
86109078
85301502
85028294
87893166
86670582
90062772
100574964
91448762
87041358
86505836
91108460
87329930
86878216
87648358
88692070
87082020
88788392
92582354
102806708
91628164
97045942
90435420
90963120
87397320
87341900
88154462
88778460
87763002
88658246
103412724
102295726
90564300
87958660
89525224
89862644
88019706
88225236
88776980
89114936
87938290
89105966
96607422
106772534
94185992
93007600
94722136
91263352
88607636
88640990
89928828
89117252
88399024
89680630
89654920
88984448
90212498
97608942
107485466
93990746
92974786
97881798
90790552
89372930
90954578
91182168
89558654
90393112
89907636
91910590
90967420
90414822
106381868
116257830
107931028
94742728
96213638
93958210
90783524
89897154
90448380
90206046
90179070
90875212
90283284
91194808
91181978
90985560
100612590
104775090
92712548
90807708
93626658
91591166
91192148
92070994
91057396
91996990
91450416
91260458
105110446
99947228
92340240
91298900
93195594
92595516
91374656
91626500
91884648
92839444
91769030
91876082
104228378
106374906
93992924
96694176
97245670
95295910
93350652
92218806
94197930
92645344
92975636
92403978
93698084
93661106
94198306
109909762
108848950
105707490
104709980
105713790
103177014
98902446
98433144
94200532
93371014
93250350
93724528
93496664
93351698
93521852
94020394
93901640
98865260
102114166
95370206
94116162
93621688
95974926
94034192
93782126
94176088
95195254
94298806
97839836
98391766
94899822
100683956
95379484
93826342
92575908
92154720
92395024
93537598
92747000
95421170
107901294
130172054
112406258
100502598
100732830
101042858
95971520
95861460
95612888
95471568
95311024
96950622
97557298
95839026
95901194
103457428
104477408
96336956
94436004
96180420
94280410
96648408
100847280
101129624
100346048
99243598
113406726
117448370
120585292
115718278
120502036
110020108
105893020
113265668
106970768
100736126
104781150
101834454
98387544
98107750
99402608
98604440
98597336
98291590
97921508
97943326
98801296
108235362
115597592
106099690
99972052
107641936
99795810
103723404
100287416
99758368
100849480
100499686
98234620
97080274
102027892
102363964
105739666
112940406
121502432
114610090
108519554
103323262
107268270
101921566
105756264
105713306
111161656
108051940
111234736
106737650
124385584
126524494
139000834
130551922
123247776
111031962
114934374
105796976
109502438
105461560
111135910
101945840
108799564
102726944
110106380
109725104
118550520
108404984
114197382
106698386
107448044
102817496
107009560
103383308
107887502
103304024
112606578
112270162
113534708
108557162
113517586
107296356
107286422
102864130
105500886
103658864
107050202
103101860
105835188
103088374
107511208
110236068
115936462
115430594
111296210
108124286
109810334
102778844
107233636
105158010
108772262
104863252
107702510
103423102
107600540
103308180
106693200
104743446
107932104
104167828
109301194
104975184
107788286
105263658
107758950
104981208
102250514
101825558
103411424
103283780
103285982
100853416
105122784
101816094
107431214
106230260
118088598
120794294
129465894
123628184
128481910
121112640
123826894
107750680
111020552
104988948
123796228
123913370
112838098
105560670
112778598
116782868
124697034
118696880
125995720
113555132
112055430
106329326
110167910
106338388
109998566
106838954
110254068
108443924
123102928
119286262
124892082
115984898
120730084
108299720
112999070
106362730
112424928
111901376
131700410
123403872
128858396
112991504
114090696
106884194
116122102
115007938
128176820
118265838
118374468
106858762
113430198
107489232
114143330
106886858
114037928
109891958
113783916
110114468
116427156
109821396
116238588
109127270
116700194
110539788
123521158
117672894
124546520
109166260
113811440
112724580
117771222
120382546
119158332
112446434
115081236
110728284
120067170
112863074
117131278
112376388
119674076
108317010
112860834
107022852
112660670
108372964
114475506
109377176
133483446
122457938
117200608
111003256
116599520
111633564
114621182
115733552
116644874
110787178
117592652
110319132
114975862
114518296
117890174
110829940
116019626
110933814
116259546
110675554
116853220
111802382
116748012
112200604
117279108
111886902
118357612
113169158
117112500
112054030
117788770
113076902
119509958
112581594
118087308
112847742
117624080
112239010
118508900
113986808
118532708
113508928
119139024
112797542
120629584
112556204
118284574
120207934
123793318
118255666
125922540
118887598
122318252
113844010
120131360
113346440
121879000
119320882
126626420
115549816
124513980
115382558
122657550
120708802
126301234
115832316
124220264
117013782
139448820
144232180
137528552
139042892
138405354
122808268
129600256
115671878
125811214
136372036
135057762
130426952
133077764
119736796
151178350
131208730
122862264
115970258
123585944
115791454
123160094
120209202
120012300
114777156
119672822
116892990
127107474
123963444
130290662
127920842
127736292
118327392
123464976
117655598
124784690
118582928
127332424
118863344
124850588
126094072
142216700
139185228
138063692
125449208
128085632
122067596
134031482
131335404
146764782
144511822
141544466
159775126
139559720
125024728
137094838
127061600
134806838
130898024
170798126
173186178
168601560
174804782
165810760
165851608
157936838
162107782
162363312
190434724
161656548
154557970
148026248
147870402
152173012
150002058
151036146
151518934
147250066
156732662
152615226
146917348
145380880
136738514
154504098
173670704
173349550
156266044
133013316
136004928
134626464
144328730
129690402
141061756
147145114
143126826
151220438
146472522
145339874
145063304
129715686
139177120
141734070
148945074
154562014
145611866
130543194
128099692
117875492
138389724
136025652
140638028
125439650
128184666
120498110
147093552
144611934
140647278
125597140
130328550
133219134
147883472
136079708
125737738
116284256
139549916
134044348
153215584
128180522
125788622
116099226
127597498
128086724
148217650
142697110
139115742
121395472
128198840
121173412
130009272
136110044
149488344
147055746
130804916
128542896
130257074
123020826
135801266
122509602
141087506
125258436
169015540
139899628
132119364
129834862
124560310
138328282
121137460
137893878
121103876
132102130
138821318
212738734
153122126
136695888
132269024
124478008
142479204
148426450
149886516
142708504
137616490
129496966
142652388
135225704
149676598
148150866
146207776
139302044
131674708
133381672
150175320
150096696
143132036
124755486
134302094
120263062
138830490
142697284
143818398
147305450
129779128
120148000
130113858
121333950
133368302
121334616
141058804
123573012
134157366
143988958
131021278
121279242
133291530
123200284
132005348
120737474
133151774
122503860
133885786
122730044
133807832
122329324
133342228
122123354
135474634
126114286
136180242
125055660
134647960
123282026
133217060
123809134
133450216
124559160
134545282
126545180
139036640
126976060
139101310
127647388
137947774
125064026
142153796
126258180
134895190
125928364
135663380
124923550
197961634
141310356
130435124
135429196
128599408
139746658
130939624
141419976
128933052
140373570
133553652
136316178
126950796
155814480
151985046
153837560
151267624
132928162
132740698
141610348
131678502
154116854
155487990
148633328
141309952
136551886
131851798
145222450
135362120
143262034
149458704
152053536
149514840
134648898
135268654
139095124
138893286
141060504
185860818
148798094
153837994
140503210
136830442
143099744
146312888
155379956
153336386
147131318
135395950
139448586
134400240
145829078
152725730
154244044
152796998
137945452
128111778
137725852
132144088
138899254
134723704
158697692
158384918
151019926
140065758
132772532
125332302
148300902
150858988
149871234
141280662
133473784
125472816
140305236
128479076
204997662
139520538
130790844
149784994
156068658
146314876
132743380
134824874
126910888
140751944
129786166
159803994
162727470
155182636
149618970
131081192
126126766
139703220
146213748
159818080
152743592
141804372
132269638
135577522
148945740
154868922
152552146
144151028
132935498
127114704
143390840
158202014
154675246
152237602
133308588
130439642
150618114
154762004
156527024
156553850
137599342
137155232
137615686
128254112
142890848
139257646
159109654
143681838
150611898
149115672
151676850
156204576
138626834
134687440
131726316
145483128
133955776
198776828
159644652
139565722
143530168
163276604
153250042
152832224
164680418
217597720
192245146
165178670
145133372
139764296
143315056
164226088
158852136
152332076
156822812
159650260
148490142
148140012
140456672
140899546
182683422
149653576
154517188
148410980
144106084
157108820
170075912
149478684
147065590
140888804
133187430
175759992
167159500
147320500
148004052
143875844
148806470
145168430
147573284
142430546
139954656
157487688
163244850
163176454
147011774
151734896
163196772
160056660
155401948
143693574
137795018
153837070
159553206
154981632
153587630
136227626
132591522
164470650
164508798
160024274
147387654
144566484
142744640
164235372
218594098
163436304
145866640
143618024
139262328
157588368
162306980
167049088
154090452
157126232
162789416
164175918
165485736
155397470
167693014
165766750
165354378
163390014
151648492
168203978
155576740
163735480
151689292
147073508
152555642
166427760
156862396
161874196
139788964
140863552
144128942
145700492
164546090
169423922
163574442
149323264
146765670
160478882
174072250
172686132
158388170
147398234
152190852
157809976
166000374
175715966
165969730
149475852
147816798
158505516
200096056
174489800
217278188
172201218
148044986
168681894
161965940
209108256
174405864
163405806
161531910
148244552
149867684
141764294
169413342
230428426
172859992
153703718
148468176
165652334
169942166
163111754
148907408
151566856
155247610
176658696
160135348
167536438
162646300
155960670
155110610
171481086
166419218
168439226
167401780
163122592
160710908
172121342
177985878
170943250
161065564
158072572
161625412
173009168
174627684
168785494
152064028
174398426
204578622
171502076
170748796
157137746
149504310
157159338
155711048
166516330
161264882
156615968
150106044
154659336
151233862
166640250
169295638
180666448
157161562
151666530
155338862
142982992
148467272
145672188
147245244
144485636
148158516
146132544
153439442
213956210
156255938
152339520
148352080
150427414
148377646
147986652
148364440
147878502
149451692
153548796
148416390
149565528
149785724
149884432
150983212
152793342
149788320
162378650
149425700
151677758
149466772
151559722
151392828
152757154
149145278
152259448
150592318
153564524
151053502
153931676
151026584
155979802
150534430
150882764
160746160
157607810
186480004
203940402
166986224
158261990
164266492
161218224
159474754
162315840
159675564
158521228
194807068
165541916
157123956
158006260
152171296
158294854
152786942
162265964
153710718
154662252
155604346
157115896
154659086
156496356
155232846
156759426
152179388
156118420
152317898
155539160
157859272
161250296
166852154
161130532
167649614
164131714
164244094
169803412
166056534
168549130
166389482
167573618
169907816
166671302
161826066
165904716
169799370
168189138
207584950
184927088
162777630
160741176
163449976
167018224
163211800
164236486
166095566
180654958
167569220
171108628
168192422
165093224
164578596
167991010
173954186
169679394
167010108
165802940
165209884
169043966
174698180
176307432
173411002
171629742
172023046
183688252
174932256
165419942
167452708
166575166
166861156
168552792
168333784
166332586
165392306
167886918
213781726
188370772
167413668
166557542
166839444
168026764
167503156
164984022
166900320
168806228
166715266
164916782
166769980
166256544
168045772
166770496
167289128
174953508
176833134
167416364
165635880
235792340
165479492
259338190
166805006
162941502
245802750
181908876
173233872
190491750
184954162
191271422
191681584
168666146
170270790
165947892
206726442
198018710
167718402
164866610
168343206
164662276
168806590
165339768
167657638
189673350
174396758
165119374
166857136
163809504
166422876
166824308
170043890
164818782
168064692
167471106
166481462
166595518
165594112
166161730
167003018
166763366
166414090
166044802
166298238
168561792
167755916
167647544
169778804
170265394
166825216
169076176
214407392
187785848
171245394
171468668
175757644
175808584
177092050
171138746
174220656
179302316
174948444
169059308
169343416
171700842
169682652
171138664
169860482
170543814
172085180
174568482
173287370
171779366
171513678
172820014
173399070
171899736
171693038
175388564
170039364
170865236
170266592
172944250
173561522
173082196
172780350
172075298
174500770
171301804
221369496
189173296
170142340
172078310
171204348
177884698
173083014
172723916
173169392
172817454
172252250
173383238
172384366
175695704
174738698
202853308
180433026
174365930
174717816
175388372
173359734
172140048
173618980
177733900
174156708
175976402
181178806
175487506
174176506
176092122
178121240
176535812
176842800
179963400
177007344
176029310
225806156
191773172
175425992
176303920
175182320
188303952
177215148
176679598
177693844
178213670
175634140
176201060
182009456
184846914
185862804
184622300
185413386
188095396
183771190
184960542
183568544
179754590
180434044
200125014
225451080
186742298
185788122
192884236
180307594
188255944
183761268
187442168
184352674
187359968
204653204
262389420
201721704
180017876
197153322
185919404
179724304
180173418
185952274
176547798
188993560
219001788
218528276
273722646
280874750
221741036
195563628
175087648
182100224
209591170
185626764
174318990
176959840
178607874
211380428
179632082
176334358
178063748
178057576
173532334
175011990
175366708
174989000
174719924
174408218
175257318
191386000
207870632
174709396
175303664
177387520
176515072
175268014
174927314
174318838
196677044
192614984
176140912
190957412
182140318
180564776
179200774
176937176
177832090
180072908
176711438
175739200
177301904
177717874
177424648
177287048
177162264
176850670
178064448
177691232
178222308
177666886
177263452
176973104
178358956
176851060
176529102
178182060
179131384
178531922
179121354
181928782
201616134
193623608
180497126
181621800
183492224
181873104
182706730
184806186
182522776
194279688
203337020
189297674
183605740
179700652
183666536
183398002
193758352
207992714
187048848
180729820
203107292
197509192
194221830
182443374
178880010
184126116
182367928
181715784
184601146
190827536
205435524
203395680
193901372
184608498
213949958
210319188
199155922
188310634
189468992
191073132
186785652
189843390
185778736
187338906
191465920
192815070
190776574
197406866
194041096
191691452
192625352
189931916
191528550
206549076
194112290
197452232
207762214
207557672
199879758
198075172
188997482
201244984
209857550
204434908
200452852
190831854
185873246
188401106
190063958
217913200
200646408
187414310
190813428
189703142
189609506
192450598
187367894
187834704
194496984
198994930
195666204
182433732
180199654
181058132
181334784
181710130
182592600
182098272
184088642
182340624
183486796
185358690
183500246
182702624
185572360
185238442
183815896
185187112
184004238
184434148
184482532
183902978
185101584
185356036
185028606
184535064
211942276
200998180
184164176
187964446
185039546
187732362
191160594
186924558
186390646
192298274
194810884
197975002
194186058
202637268
193313528
187660770
223920626
252864930
236303144
226974852
236444270
218876924
224104106
218785834
220987546
219767388
221882804
218774084
216994800
189533250
190760810
205923296
201742190
211047566
200095770
204059522
199417464
201623678
199128124
190157098
182127458
183247592
189127676
192005828
198111842
183736326
181989382
182233536
186870076
215151562
188124558
183635304
193548038
207226120
222046838
218679722
249113278
209443834
190672192
186106694
185662160
185776430
191176310
186124092
191874874
192839066
189992992
193324480
188370966
192812836
188700544
190326026
193427640
202514056
234484562
195152164
190851120
192364612
193654042
195184320
195135626
184997838
183654906
247022264
196216976
192750478
189324488
192002936
193275046
192975208
194020336
200708020
192064372
195247906
195563936
213426374
219439490
199014408
189141660
187623750
185340312
199065126
215135356
188742698
195000844
215487952
216090038
214808270
217090056
214660810
218241760
218006938
224071538
198463362
188786470
194407026
190986542
192764610
281414588
189960752
191836556
259189062
193179078
190390490
195285300
193057982
212722884
193396838
189292440
189547006
188030162
188266292
188684220
187180814
188175444
189698400
188773438
189588198
189540012
189551378
187804506
188843384
190190182
188953784
188685048
188988054
188107112
188404836
189803632
193435296
188748948
188866288
189203540
188514198
187908222
188168010
253290064
193824748
191491868
190365012
191733456
189205934
189673610
189602812
190723852
189333528
189865144
190488802
190269952
191179964
190899892
191917860
203854084
298533662
476867648
475593794
474842494
477540180
476295838
474696202
478294820
479471018
479292400
481201866
480841088
479832574
484063884
505527196
479449928
482609478
478723428
503420172
480394802
480023114
478361670
481950238
482250954
479088310
485109412
481917692
479236270
481150306
479916372
479577690
481432156
481418496
480200984
483043798
481662286
486071580
483621180
483144342
482772108
484936622
485258674
483401616
488806358
483641420
482398934
486788650
484997572
484667784
499427262
487912424
483918624
486465642
280000470
188744756
193808392
226908784
195499002
193745076
193613422
191935978
193812264
194681648
195601636
201603682
195455124
194257348
195807022
196396840
194770620
194797376
195773172
193967316
196547488
195506568
194448762
195143308
193973664
193030860
195156858
196718984
201629222
197590848
194244890
194486024
197248132
194765502
193980444
194831342
195236264
194786848
229522868
197737036
194972472
194718334
194766012
196297338
195148176
194806048
195010392
195800680
196437646
195150338
197454592
197367702
195925358
198396928
195817686
196237384
196724982
196134710
199876856
197896080
196265040
196936936
196010308
196584852
197157722
196314464
195970364
196842362
197809248
197069488
197237084
198632212
205579898
230937248
212071094
201712688
198473572
200277752
200483862
210593352
199494076
202752960
198999124
199202400
197974552
200475194
199431740
199498876
200479438
198836252
199663482
199911050
199062238
200522684
199774686
198613398
198800322
200632858
201466756
199144102
200328968
200171008
199917526
201634376
201926248
199806212
201136782
199768796
235467350
202621258
201297024
201465246
204983286
202370762
203353722
202119308
201976166
201509660
202799712
203701660
202160100
202761260
202247330
201651622
201927350
202751054
202518698
203897968
202933024
202244684
201962612
200988272
202163044
202344082
201961632
201718370
202093964
201775556
201831114
201392484
203544464
201914418
202222936
237797952
205648238
202693978
203483522
202561404
202681008
202467000
202565376
203010304
203168248
204353316
202780652
204302970
202245938
203914426
204026036
203372168
205049416
204359360
205151028
216705074
207714640
203750776
203178468
214511522
206136236
203646880
205669140
204257118
203363550
205341914
204967896
206065230
205692406
204922536
205137484
204242862
205369574
206242006
205155034
242331518
209459666
206002322
205564302
205242662
207041004
205118328
205546590
204694802
205036302
206971976
204732134
205674148
206690410
210135504
208099044
205935604
207773596
206303108
220679874
209280848
207005442
207168924
206792830
207255212
208368650
207123100
207209232
208922210
208630020
210741578
209255152
209753922
211006002
283973008
209959444
210421294
210956366
209876244
210148010
213969404
210604312
211410786
211202066
211031550
214056470
210624284
211124000
211237852
211247744
211557910
211229914
211031902
212428576
212282774
212017594
211966830
212148152
215694748
212476990
215046184
215294436
246879138
212616784
214328696
214810518
212864860
211988732
212755392
216296530
282692508
210135248
213829352
213031884
213278278
214869990
214058498
213421978
214297674
216220028
214676758
216134092
213997032
215501996
215006684
216235594
214439350
214292698
214604790
214275656
214662734
216689472
215003964
217106570
215462312
214681002
215464278
215338540
215048696
218804838
218001408
221565638
218975884
217280502
218006242
287070538
214117782
217613992
217280408
217254324
218811506
219220228
217009424
217202868
218162044
218579434
217514260
218795184
218235458
220280720
220606788
219599708
219064146
219729676
219967656
222265358
220515318
220378518
221291510
221723578
221643496
221535354
223126164
220854980
222214870
221241224
221268934
222103894
221745536
224179118
259054252
298172682
221077348
231370960
223867668
223141966
223140692
236393030
225480088
223627748
222970336
231007430
226391646
222945588
222663288
223393076
223619732
222783552
226563078
223615466
226323416
225101378
224576014
224441632
227304024
228852316
224083476
226816566
225567434
224399720
225135404
225137904
225030076
224867538
225627792
227524198
225566914
297901596
222616958
226841290
226068658
226925888
225721098
226304840
226067814
227119492
225652416
225942586
226537310
225527694
226194632
226466018
226572406
227735258
226794622
226360588
226896998
228692954
227870682
227053608
227810392
228463104
227932104
230434508
235639772
229595922
229614924
227533868
228762824
228168126
229235200
228565378
228527762
229017196
325701336
225352164
232150424
228703884
228699570
228494960
230107624
227820574
231361044
228561244
230366242
228798146
229697394
229225888
229481686
229831528
229427764
229340688
229283906
230086696
232916070
231165420
230268896
230528242
231131252
230292514
230944878
229661950
231049248
246456890
231920442
230261404
231226524
231979648
235046168
231108890
302464954
227875618
231464618
233095776
541413396
586393326
585889812
585765808
586052140
585732172
588879340
586811484
587274978
587934410
589140000
587274186
590383194
609906338
589824882
589367976
590104160
588377114
590752504
592775326
589521216
622848080
592768720
587038574
588676682
591403954
591136966
592614592
592931236
591577326
594566776
634153030
591143578
592903566
591656974
590425534
592437984
592653694
593209038
592060414
593416474
592549938
608311786
277146078
231641846
233546050
235808164
233689074
234287678
236076928
236517318
235879412
236649200
236797036
244482694
238075186
234433088
234699186
234750250
234956170
235068474
237142938
235047764
235572090
236917506
235302634
235970862
276924052
232615726
238455676
238154606
237376558
237118256
239204356
238177970
237429726
236928108
237282866
236937800
237707908
236925032
238798166
238018018
237866372
238073830
237941584
238759380
238830730
239763014
237315200
238920262
239958234
237446278
238257620
239930962
237638326
237476914
238151942
238660442
240474326
239793678
237804950
238178280
276809878
235701804
240795058
240968268
239217834
239916964
242491900
240857180
239422390
241026438
243090012
247089666
240869664
242277714
240193372
241175622
239792450
239903750
239988598
240396924
243527390
241187588
241239268
240590404
241492052
246590206
249836634
261044084
269399558
256238760
268784056
260972546
261683588
276385962
260020588
258758024
308510432
264663018
267338658
263458898
250889478
245594022
245647628
244346530
245663112
242838504
258193094
246281802
243005778
243054364
242595074
241340618
244696372
245224600
241870358
245246770
245177480
244135482
244626074
245189890
244066776
244751712
245591056
244434250
246122070
245674480
243126516
245468790
244901706
246262034
284175182
242563460
247051586
244325066
245028050
244377450
245238218
244790238
244917062
249244688
254832224
246573100
245871250
248245856
245058502
246266446
246146662
245921852
247482796
247077018
248043114
247400888
247109488
248671300
247087980
250308894
247342792
247752296
251212896
248205294
248315072
247749782
248515310
247420396
248013164
247741936
286155686
252182596
250602102
248346032
247376206
247249930
250409246
249021826
247117870
248861340
249370746
247773468
248235942
248540782
247106666
250011952
250071474
248171540
249584320
250355388
248558852
248598214
249863556
249800220
251872204
250463274
249598750
250441270
249350036
248766976
250022866
250209786
249834830
249202932
290726736
247582242
250675312
251148866
250187996
251363706
252772958
251757332
262022980
253003658
250535394
249878390
257283964
271131654
299003552
280375314
297938054
293169622
295352068
301234110
292946214
325033804
316186104
292311458
283983278
296912586
276181798
287948900
302317350
309200034
278079854
259051498
267386162
268713762
285529332
297818930
263708704
261616328
263865246
264977270
259342448
256413236
291878812
269055060
276718602
308874164
283190794
274238760
274213738
279948382
277995826
276155398
288820202
289729628
283048034
283441256
264673136
258570484
254744058
278887548
289153230
260792534
274493424
284286710
257677744
272433338
288912318
268896974
261454664
281813132
287814150
256437270
282108122
314169516
255209962
286342802
280019082
258548766
286880428
276498974
258578094
289091952
276120986
262761062
293184348
267487014
282934080
276220662
256793352
264329842
266413294
266317504
272599842
272780510
274726092
261275200
266717720
260376228
271230274
281068198
287534692
289026734
282330874
271068446
290596234
264402762
291046688
290140716
268352740
260511516
260003950
275467522
278614616
312977710
268171784
264261134
268195622
257095428
262077620
265218194
263819078
265223998
262008880
261336690
268570790
262150342
261440796
260897124
266062316
267604482
259499384
278061376
268578198
281593200
259049406
262843348
261358446
263015164
261688568
268669450
258183118
260803236
260537686
261479590
261863540
264137066
264372132
264794780
260574094
267367822
259457402
263276754
263836788
337034086
259174088
263658142
264177274
263971928
269019780
273174620
281283420
261879270
282883580
261913766
268817720
259463942
263655936
263942072
268353926
261482814
265188352
275571322
277714192
272944214
271275248
265301444
265847952
265502678
265966822
265582344
264977930
270855042
265874998
266544830
267915486
306591102
670024624
672569852
672292938
670418964
685135000
704447356
671503810
673060274
672041062
675203442
674590962
675734012
672956320
679478290
688873388
685586242
678159498
678758120
679927634
679182898
679217274
680494884
679964200
678957510
678888702
682562790
703280418
679291692
680343348
683301016
690390902
680486350
680670366
682529694
680680412
684039478
683307432
431630204
280463928
306489486
311190064
283902450
284373684
281842522
284703688
278408108
284893722
283547514
285356950
289654008
289113102
292412666
287444372
321147450
288049516
315303352
285550864
286225304
286977984
283278472
286617210
287826714
288739086
287315558
286948416
291302732
291327212
287093176
291705542
306684052
287531618
287383304
287184126
287159618
284424936
284517534
288808920
285540814
287599376
295427438
287696980
286287296
289892056
290018586
289949354
290525048
298099696
313197134
291593146
289831754
286284086
290029272
288128748
290446250
286374850
288457996
289662522
287931360
289290346
291958164
288782746
289366720
295587140
290773348
309690074
288730928
290324416
290521724
291154696
291399370
290871072
291746606
291603350
291267210
296440742
291458132
289929610
294320882
292418046
291846960
295024634
292911450
298321760
316513042
291566214
293647872
295735768
294924018
289528066
298220614
289879040
292177346
291818696
291017366
295687104
295237032
293735878
296645588
301008474
297978044
294260636
296593482
292925552
292076766
295468304
289364324
293971938
293170606
297307746
295644282
297141482
296453090
296370530
297313976
301126838
297200460
300099458
323842986
296126416
292015576
293576320
293118246
296641696
296480276
297173754
297853834
297038212
294547278
299873348
296047186
297993690
296033238
296982712
299158906
293065260
296632986
295343174
298128220
295943376
297156534
296888466
300534450
298147044
300222348
297992276
300850396
297670952
299465340
298447870
297463954
308252202
322525268
299926626
299820930
301253148
312673210
301762012
301364990
301907786
299088796
301396654
299877234
298007606
298799492
302639766
303879908
301784900
302363524
300649130
298920444
299912516
297646784
297561796
297660182
300228364
301553384
302998758
301643046
302876278
302430834
303055970
301465630
302236842
311920688
325581046
303914564
304601948
302218894
303856640
302273480
304829418
300064886
320879102
303362148
306845572
302396860
301594348
301249236
306507610
303497260
308468932
301525132
304551222
304904882
302221750
305087982
305200518
304327518
306987114
307892832
307693382
304316882
315488014
305196720
307744098
318074984
326297802
305837666
307204604
305716992
307434742
305452150
307488390
311682768
306803188
307404624
303354224
303443072
307101124
306037892
308054662
305978030
305367574
307464430
305952112
307722670
306457146
309248088
306801606
306043930
306958128
305093458
309821102
307381900
312740000
306695304
309833786
306144250
308139584
305930762
305452896
320809614
329574842
307459652
310869802
308026780
306461578
309040580
306459948
309798062
307960970
308759068
307507576
314574938
306769884
310709792
310917730
316025760
310490750
312800830
311647270
309650726
310323900
308116348
309945570
309725292
308795134
310288994
309970390
311522088
313055252
311634654
310608864
322196460
335295394
310129402
310372100
309241018
310885530
309281482
311402816
308846028
310683986
319713820
325862790
314256310
316289652
315849978
315869838
312246698
313890886
312362964
312107950
317585390
312280516
311480126
310084214
311236770
310355058
310084814
312131842
312350390
314163496
311825036
313383842
321023718
333506212
312238748
444887184
312840316
491733242
323236984
311829060
313647284
311339686
312065558
310475500
316809126
319317806
316995770
311880640
314094592
313992730
314446056
313752470
313576930
316745676
316598266
315571512
316510724
315022444
313717740
315076762
314435146
317975994
314631656
314514574
335284770
333467712
314878390
317705848
314045776
315420232
313822386
317089028
314153056
315800966
314924546
316430808
315548036
316487650
314937464
317983156
315412386
316211552
316689260
317776980
313662334
317547766
312725214
315798288
312599278
316175286
316719672
317537932
326239118
315661442
319039044
315497126
315782746
315355606
329009750
339274900
319441910
319044866
318790952
314626022
318716530
315106622
319365742
318638344
321286838
319462850
319471934
319798334
322487024
321867898
322403132
317869192
323658864
317777200
319074376
321066738
322177038
321479686
322324554
321583972
319723046
322087264
317317834
322900118
320619014
323707650
337751362
335061336
320854364
324312008
324812976
322008230
323992532
320973430
326596766
321446702
329621920
323752200
323628416
322833228
324497952
326654454
330921182
324783292
323266792
324299510
321539050
324298420
322871560
321293150
322945388
323372090
324676154
322807080
324513130
325576994
326283164
327882694
324561840
328884738
322511208
345991052
339049000
343031076
322708650
325754532
324677584
325320640
326931292
323197970
329218512
323519866
325526862
326097468
324965990
323957588
327375572
327275704
325430678
323653348
324457348
325870834
325421864
328606624
327925374
324194806
328458324
325834268
328670012
322523772
322463114
325716234
325279390
346664552
349809182
326999654
323955806
329761772
328482308
334773478
333382914
332910314
335859212
332334476
334584082
337126806
331005430
334731358
329487028
333023560
345724992
805895732
801017506
804198638
802026084
804212874
806182166
801431548
804538826
806075340
804017078
805553682
809493550
803926438
828454308
822281536
808656598
813372200
810780172
806988164
805554144
810068294
805520634
806075220
810845914
810320824
807557168
812070110
810915914
811792564
815240508
810565264
809870922
812541584
811245868
809750114
827118580
810196970
810581492
818254058
813586508
814798806
813811590
812266624
814050952
837513082
811250498
812159624
818452750
810453814
814191718
815225240
813863468
816734156
816169966
813667642
815334702
832496776
620458720
340256710
329343460
330812538
329672162
332002146
329620466
329655224
332045150
328279824
327702628
329761486
331287964
332908270
329682456
335388256
329226518
332680760
348495814
354860906
368122926
414577882
358384176
348235952
336210524
366728826
347767280
342261732
332831394
338445922
335809518
335425980
338398930
349109552
366915690
349277858
342626544
337590890
338062140
334615852
393291460
364785508
355150454
351261292
346170342
340907544
389200678
405505892
355131738
354881042
362363956
367606356
391079736
352370784
349842150
349906798
350037954
346730126
401506770
434764306
414343604
371433820
347942112
389641176
370071860
346647426
350834284
351669960
355370000
349791428
348373016
343760460
355864896
355575334
366511754
353590530
357764066
351297976
345910382
355798076
378005666
367822900
376987420
372393514
375670804
387215364
360791388
376643286
362707608
357014352
377240312
353917220
355437362
352021820
365366350
367983680
354081634
354987172
354793994
355095850
355968272
368901922
378652104
357390104
378476566
355371118
349326218
350879364
357533012
357725022
376629246
365615892
380596552
364744464
392192544
351033870
362704862
376870750
343137066
349330288
353278566
353313312
349861030
337834614
341139092
340089874
342654014
351291782
353576700
344171114
349914560
354083600
346187066
352603962
346028262
344078046
347587706
347559144
345585542
345481096
346196968
344759534
354149504
359676648
346914560
347170916
346429002
365307398
363119074
370447682
350176772
348948142
352902692
349283528
351776850
356873880
352304420
351157522
350751776
350125032
351120036
351624916
352418714
351894924
352172624
351027330
351959480
350923378
351244392
351960222
352212226
351552250
352694610
353363008
352090756
355600100
354295926
352327010
354935656
393946034
352895058
353652268
354053866
353299572
356015414
353576766
356419282
356665564
359649198
354393714
354570214
356818642
364578692
354534542
356506942
355895186
355586552
354222946
355057480
356478802
360535576
356852870
356556230
355794334
356219422
357125780
356726472
355151902
357108760
355830152
375089200
368187038
358118054
359337600
360763664
358324774
359400296
357422050
363727774
357044180
368414614
377653902
392297052
394899118
418254356
365461934
413021580
367596742
353194184
361411886
358707316
395929034
361353794
351282498
353861514
354093710
356192132
384549292
372933350
364075742
383173796
443750026
408562818
386611112
386066554
415370906
354192278
385525304
389423664
385576108
360904004
350098706
406006664
375000366
400407784
371647548
369142034
359094728
377402994
367459830
363824186
370099322
355903546
354766854
356021510
387616412
370810326
358284260
362645416
382308350
382775378
369266672
367832328
402463358
390036162
393756836
360303168
401031308
369387902
378723610
388606056
382961926
372761700
362588096
393054612
383293256
363241320
399864460
357936730
374993426
376154256
377745016
405964516
397651118
449888878
466968262
446110142
483446360
468788056
461873384
434244762
382249174
365964564
382319636
406517620
369870572
375172624
363424066
358389540
370709160
408516924
410724238
432287326
424591030
434802732
404613612
406056642
405285826
410809372
399858354
394347962
399006088
391121596
401706910
396383668
399015982
400161716
414607760
407974670
398540600
401826320
402503804
401011578
404642796
397846372
429734984
400658758
434647420
456811858
484963384
443062976
451482296
439077360
431795124
412401406
396544222
445912960
421583670
450342444
440728462
435233492
448258178
432492236
420215792
386574720
382700108
388266252
416935602
416309994
415051172
442368910
423873288
412931318
409216018
374746596
395471042
390028912
399954308
379050354
367821722
370793694
387316250
393195640
421979186
374642196
383300060
386110806
427975404
377456850
384083354
383417508
389131438
389308544
380128882
434785594
378760208
371963712
382839656
393393638
412203286
393221226
400808678
424164646
411245798
414513526
478930082
405812208
381392276
374607814
405653124
394427670
389897502
389362012
390597614
376361592
400790264
376243788
379045222
373898126
373776990
374936582
401528922
461807666
376026824
378772614
376663854
374069018
379810516
374006386
380549004
371526774
376322456
379722310
426383266
433318428
505812474
403017548
430962068
384938952
415276388
402328432
376704026
376057306
422908478
452691744
489178758
510585300
429957502
435438258
475907040
506195126
426439206
376250032
376815178
380032922
388936864
397809668
387003864
397019644
386807520
377438728
378822276
395917838
389157812
485200804
458361650
390374242
414794274
452033868
390708330
402290048
385849914
422202060
431728916
424429624
493277564
443349138
427771780
415836962
432310104
439903474
425610404
393903476
376164452
386123702
379579750
379777566
415692012
384843884
400457060
390783928
390581138
383475386
391025212
450953562
445255620
403621738
403324242
414841176
399347954
438170854
426682208
482624612
410192436
478389630
577910896
533144668
542637012
599969862
558161250
635013404
543341490
552302884
464803332
408306586
405703546
409165690
418194528
423058724
438169250
458036404
501807004
395935350
400277358
397181328
417253154
396514792
460074074
538538444
406349418
407253192
408447340
416167364
392292940
398650212
389782072
385903630
389362538
383603004
385036082
395549142
412049792
397058030
450024684
397408012
395667622
393129524
394522070
393306364
396042606
458112506
403962066
390681766
416822642
421996034
451310576
421024822
450453588
429096290
443286416
400054948
405949282
402695436
432796692
424424002
408366116
407017712
396334220
386692196
419512006
401750324
393503854
403545176
409033360
395172074
403960114
388434840
411739744
408974742
420954308
466507418
418515346
428866922
389914378
394739724
431506600
397830292
392590606
395303000
389422230
388796054
396409176
396839298
391758188
441186254
448596284
429393904
398741044
392245328
429622616
555116120
606779198
601560748
621556770
653832736
476183436
436830400
401291874
429564574
448477622
490806598
443154614
388038466
438114596
473845290
432659794
437469320
398986978
455043810
416960656
434752154
432438870
464423444
548321248
409204264
392614080
392898832
395480510
401794356
393307676
401479778
403097400
473801730
408985040
407382260
426289028
474729140
418191422
409246592
498949668
400580324
405840160
401017406
416299264
391678990
414895626
466926106
468468470
541682908
584342306
550701008
457786288
416498306
410114214
452698370
398699240
405812044
434094750
421821008
392913722
419362756
458795068
477393930
397276540
407900072
398548702
408403114
395191170
401010200
468206544
408164168
424247044
416568818
403315684
399470586
401684204
399672034
401485690
402148500
400623514
400280366
403233608
453295560
1001945006
1013391808
977415020
977611272
975506238
982102454
986918858
979106522
984740980
1008818264
1022753382
999082996
986870290
981237566
977642364
982904022
977634992
985193594
998902346
1008144802
987805412
993068898
1017232112
1052740972
1013462482
988172286
999227098
1012754412
987285832
989673548
1015481210
990300526
986349372
990721934
462481100
391066824
393792184
395856760
395115430
396135836
398088792
396120730
399921570
399620656
410244836
403887682
402616708
402889240
403139342
405091840
400389278
403124056
399939460
404422012
404595452
404193294
411823508
419415074
406672946
468215126
427174458
406559068
406028254
409632382
405942620
407833542
406921108
408409978
408117058
414359160
405879938
413174304
408499780
413216986
410589726
425462900
411927418
410124334
410016740
410354070
413801622
416061324
410250212
412175970
409415598
413011160
411519906
413046344
411426170
445299512
418266544
420159426
414510530
414474120
414209130
416871532
411804068
415579286
413542806
424708096
418053414
416448280
413859862
415306780
414386098
417224952
416296906
415353620
415388754
417200730
415832424
415155494
417986446
418179438
425394878
417676318
444400000
419059818
446952150
423321502
417018478
418700640
417960960
416987044
419884958
421669284
419881706
419557794
418696172
417859962
420045946
419328894
424575330
471137414
488339124
432073630
413438826
413191782
415859144
421714064
418869076
414505244
411801596
415236504
412022376
420459532
415543892
443245940
427522128
413256338
416956372
417136708
414585354
416653766
413963432
414291010
414823284
414820140
417287566
416428586
415696770
415611484
414040006
416309922
414078872
413880158
413938982
413766346
417670884
420620684
420586044
418561822
416895336
416007334
414308352
416362282
446517364
421445098
418098474
418716250
416841256
431718062
419242826
417823652
420207484
419401008
419707806
431038512
425502216
423003356
427826834
434492902
449233582
490352416
442485746
457989788
442452392
431121782
459557542
421269918
420265212
419077486
420651512
419055624
419021538
424482464
467259830
424171094
420449940
422291120
423883664
423609096
423302626
422736896
421865262
424909024
423980136
423994988
428813870
426959674
428660496
439293584
426398532
428537042
428106870
427175542
427962322
428190294
423188332
423640892
425181018
426016754
422414100
423636150
422748248
454588990
427834366
425292896
430081434
443035520
431579604
432261036
431750822
430942862
457685948
434263756
431264632
429488166
429684442
431327020
423598946
423533760
426472626
424302818
424663312
426280452
424099710
425143538
426141446
427261606
426445818
439569506
426324520
458442556
431960974
424441972
427642032
431227264
429891928
431019648
433210704
432722084
431574838
433967748
432866920
432345062
435624040
435077790
432883560
436309440
432913666
434809408
436799238
433989804
434880798
435394820
433645994
435504182
438292840
437966876
470046158
440004222
434001556
434159740
438190302
436547724
436880198
437592532
437463462
434769134
452700698
437124692
438880188
437443034
436429036
435683062
440837990
438457698
439475274
440460212
438499890
438541682
440191804
439003318
436724766
437807462
466396902
438682802
441152380
439598226
436561518
453278862
467228370
516515250
476290490
453290808
498952768
493111422
490769010
500380912
464726344
485042592
464431830
434509004
457859064
487421274
439771810
445001116
497956774
432766452
444823980
439056116
465909428
435502116
424309166
431928422
430765824
430784024
434889248
459423670
491072016
436169764
453369714
465031284
462524802
475782022
436421728
435462098
434591470
433624000
437613352
442939306
435976230
482576500
483736716
499899306
495142442
555986654
474589210
464000616
658620664
442812972
688142936
434519640
472244418
490172762
437876848
445536038
443466896
466354468
432647094
438217582
479059188
452453334
459480610
439301344
431264846
435310196
443016498
477104254
459358922
447931768
439028336
460999520
447027990
441184960
439151166
446738296
452544334
446744614
447245068
442186670
443002250
447021438
444237996
445922044
522044638
449302842
445566104
449426578
446791602
445949050
452144934
488182490
457921736
457487940
451831264
450781936
448375422
449260082
446218490
448872964
449987302
453495914
554157194
528596460
499158262
464294560
464263020
459504542
454027552
452912348
537225920
489106788
448928016
456864156
450665124
450294698
458923802
451967694
455045422
452617958
459291258
468537258
460422310
548205326
684133700
568044300
650050014
709971734
673942780
763229736
654759142
566220018
458310432
446543320
468426324
504870388
559205420
450303462
457012198
453762166
503487874
486305636
456057312
505466030
570734268
516081842
452411974
452338684
449895684
450408002
445776700
495814746
516793644
559911710
493765258
488628752
482839796
464603788
481623670
524875962
553828940
479248286
540327066
503791968
531947858
458320630
525374596
491445816
463002874
555257972
518725176
462529094
454460494
504201600
462411784
486068966
724234764
518538190
913148320
737965180
767605602
731373072
730212080
651785484
750939946
714033290
494785292
466554496
487238432
527933842
487017262
485721130
464693016
498014440
614245320
631340726
719662782
695365522
653747818
732373808
558815664
537361082
463481148
459993874
501718870
496051826
453016084
566905272
474853152
466241538
464946548
566038560
491820648
658477702
690172166
665998368
606368228
599280492
573209366
508122440
543059778
490002510
459394656
460161590
460477628
466915794
477771802
518487276
464190094
555501654
542212412
563285038
553937858
508453168
531227204
507883148
468516532
535970014
485091590
494790680
481218396
477668112
577579840
533429968
596634492
667359702
635550252
700520892
678193662
512835550
456270654
490975612
457695024
506904446
482052018
546714266
550853708
474783332
529295138
495353842
484981894
496918344
536122782
556501500
543147690
486875636
520579746
484503882
520703028
512085534
478350500
460241690
495595528
481792706
473704074
492382956
546057128
495670928
576379856
540739496
628750794
503104416
472351304
480020662
510647898
477459506
554692544
487927796
510485338
484540994
465036626
463480226
539080270
476724348
491127848
473298684
464711666
489894414
465396080
469085504
473642934
480073994
473197270
469767298
590675756
472614882
506575234
473804112
468884690
478162584
474710846
533982338
519429668
518960636
476889518
470912380
477569564
469843398
477699556
475727960
470081958
521711464
544240124
481995790
506322786
549397984
689917722
734888768
772319254
685378704
513274668
498966378
495501030
478424680
504390260
487009010
474245082
492851144
483486644
482816096
547566088
528216320
483238986
487614764
512973964
562617374
596084268
528279860
533327570
533582412
701976328
654405846
624392504
486010564
489557804
475245340
475957936
476881752
505571954
482817532
477298274
517084840
474493658
476068326
475622116
480185356
502804496
529249420
495611528
506062136
511907344
487333144
505575100
559836288
511361098
496106594
494226206
515750714
502864116
496420282
496182684
497509264
486465340
495462608
477796710
488328658
517216036
526545032
515703434
541350032
533661016
496897682
491566490
484567218
488476902
487811232
572315804
489629656
497101476
485141368
493239636
530261102
481185026
489138748
499185352
486800708
494204612
484277308
484872890
479821942
486850410
480648726
492456070
483067160
515644512
538964812
518723550
526836094
520516850
563043634
482351076
520697800
481806360
481293668
489796756
493570174
515912826
495225270
490526168
490288720
493570516
502090608
549146738
547310996
526659304
518385722
539290434
519794644
521757058
524224792
529461990
519158746
622438380
516283072
580181386
678285756
699353588
707091538
704014788
556252348
661521966
569345350
571685408
532724170
535426502
528208402
491749674
480311420
516522136
532169104
532811860
527616550
533108458
526111852
515948802
496639442
594545540
505838136
505618340
503122454
479014494
479226900
486751234
515855372
515920334
501735798
535351754
509039552
487507354
499981268
488822090
554575346
489386188
491023804
489224382
491892314
526099856
494840152
488074684
491563522
564581416
492647386
491471352
494045642
492735930
495465646
499935620
511818214
512059998
514022992
515285128
532111660
497220720
502353250
535706352
496683772
512581256
507180230
506029868
510991794
499608302
500715486
508765944
503721814
582025544
510445568
520846828
508826766
501425362
502387160
541132934
502671612
577746714
562104954
542830728
565816400
558802768
509616840
569562870
546968904
501472940
490032844
490534032
496379400
495389674
499662244
493067988
502363288
564945724
499449432
494374118
502537376
496918980
502977430
498425334
500330670
497243756
501427508
495479820
504906434
505305788
506572098
506031378
541712386
504332294
505015942
510160268
505766794
514040698
508832608
511930046
578783876
538204824
508444128
512577488
557479372
536617048
509136584
509709094
511463156
513651494
504137174
516446310
511425500
513425758
506456570
514038094
506509684
514322738
509165004
512463118
508427594
519281890
508135846
512740160
586799988
561506914
510844322
518432254
506957750
518849374
514429022
554639748
517148368
519167316
511031702
521548950
617927378
587860172
513875544
516427022
507539308
522432752
516847440
540505786
520456482
602681012
511689366
518817366
543293932
582254802
532550618
551201732
515473488
511811820
563693524
550673808
507679908
524244634
581453014
532479042
648645312
535161396
521048008
514996912
516945244
516532094
503979626
537172496
592575662
521530388
504241032
522238794
527466660
515512606
510841430
552038530
544550024
522482446
512427494
513869924
513628450
515560734
511536564
516603084
548779516
584276566
561295706
542762558
561712368
524438260
558816986
515230242
511442058
584109708
510828186
510302928
512084134
532321614
510872900
512447842
507780838
509256682
508191324
510933160
511774788
523112552
555731158
596100520
630273764
623809560
691757506
776855398
645606444
521927664
604034294
621722250
578107928
610899724
657815084
571465282
615029346
607743368
526991498
594716046
556512270
528855744
525024884
542750160
531905762
569663986
523810444
518026998
515426480
546600218
612427052
517256774
534600340
587077674
576538644
562070346
563234166
575993186
586804980
572848388
649373640
532243916
514269380
572817224
545595330
541217950
520731940
675897120
714762194
596806920
667323032
679134118
677111102
709347972
667566644
639210284
642108016
716090422
582364062
583545122
576833900
590464466
598838468
579169262
602042700
596314110
585103810
537974594
583341580
522845940
574144178
576882216
583021584
568512912
594085008
615798150
522451592
526597160
535861410
550234596
591680724
517842790
569775564
529337446
530209830
516516268
547934924
547026360
569357134
526967184
1244860322
1294248970
1342740396
1315153756
1298557040
1342155916
1320088884
1318857510
1350546514
1340853848
1345768030
1330545488
1325798396
1352579882
1304354788
1311752474
1362892066
1316866886
1298302064
1335107682
1316656418
1306000296
1343335152
1340447674
1346329758
1322692452
1334329704
1328043822
1316390346
1319062800
1347494054
1389924038
1357671956
1333057656
1351928508
1342598772
1330941348
1321621648
1354481540
1337529118
1313973700
1369716390
1319756200
1327024424
1315437860
1389623182
1327652964
1371680216
1342589156
1316907680
1325952654
1369354662
1362516508
1324575544
1322635548
1369479586
1323583924
1331562602
1385096024
1362954990
1382632804
1374385814
1322749018
1407499876
1339604122
1326503798
1330751142
1341809718
1395929922
1322600094
1335061654
1376803148
1353648392
1337055274
1313948756
1384310736
1329866006
1372337414
1324132502
1120101164
583274910
583720340
555035404
546702828
592278832
546470704
566665744
596862706
541469380
556304588
554715312
572504732
561778278
534688578
532676130
527587456
550827972
569273526
563091372
548855098
557176924
567119452
618906942
538660584
563960606
558096876
554174470
540960194
550067422
575588886
573362234
616280256
612994396
566202894
629285364
564188556
603832128
623347814
589836004
568496760
593268856
638981512
624971806
660215462
619736438
607620454
573076518
566119324
540911802
528453648
533350694
543973638
535920938
535175542
530524954
539354270
556285752
573621468
549515682
579013776
545534424
576185982
599066080
556287844
568052752
554607662
589669846
575968312
572301934
573598122
607438814
581559188
556558390
551711650
526750028
535780034
545559606
541016626
549655298
539036672
589024402
574923710
629203172
588511340
599903940
557274886
609682610
584117314
617163938
556922886
591724094
606574330
630873272
556606850
567517284
582851756
545569722
545621902
538995718
565641664
565222078
545048448
576395720
627953372
577616082
601714776
552646940
601861358
566163448
580826442
565928786
585144130
622302934
609169200
636096508
572204954
631017468
588193162
608692874
595979228
597051858
610997640
599788802
568255208
584820410
581435896
580524032
564190186
559470362
598598902
592887152
588616960
600002668
637581008
540203126
559533866
553223148
564931446
593266252
635871404
568605680
617639180
635396102
660155546
589954746
630538324
615771378
623501716
840416310
844075300
834490064
753379718
594280662
608743020
563589256
562256266
575080048
593630066
547702500
547454582
605837442
608847136
807843750
816054840
771361764
793616652
837131912
706759460
739347664
566315612
573076450
552271540
548494192
552919644
563176376
558977390
631615740
563939188
572098408
613421118
559827866
561101810
563719922
557322960
593384340
560527922
559467698
631608108
558278474
560698458
557501212
616124466
590252150
618428424
559430172
558919504
609913936
583649800
564547512
560887280
572776022
614443810
610699072
581730892
561055538
559737600
562280594
561191822
562071594
563099962
561611370
563795908
563848336
587492442
702496172
577501458
604730420
599247062
570590714
550508042
554661934
555800660
551542368
554341046
563712884
563927412
569297296
565168018
563364580
562027476
565487196
572346360
567371614
565095794
573046508
566070662
568028834
637374082
578651560
596124338
573047572
566113578
568096926
574819884
605615610
568009936
569668906
582645122
701328590
577103540
571363424
569337730
571972156
566841508
605989284
564251330
588764540
566189628
565274856
562375948
568036066
568387540
565292338
568559454
568255718
567195530
571965336
571208580
569037548
570659588
609833868
564727608
620488730
565854182
641120230
643901552
575285880
563521880
584853710
581374162
582538786
583108044
579250798
577675662
572272582
601012822
595396928
581432066
570906464
635216400
598266466
579289300
572590968
587136876
655088864
643570956
624081420
634033414
671605856
660868112
559128112
628948244
624791246
645312020
612512148
570626064
617970842
632195362
657239756
621892794
567616736
606085868
654306818
670503684
596474554
642291694
752408320
679834098
734254634
670034434
703899706
688083782
736925402
626163164
585788292
608322080
589357562
586853608
589556886
626758300
613568052
577042338
585966904
574749832
634999322
620486798
584109412
653142472
635644238
733631824
739949434
687997314
630328976
691028328
639757664
729630478
799678910
691567656
648998332
667307060
671691038
675343792
704185742
656156562
698483312
683206720
689852192
636499284
700305354
762213890
693882542
654627520
664383542
634667856
663596446
710763772
644912690
657770672
675073976
622146710
788188948
657509196
702163016
664205078
707617920
652567538
703395398
768839228
693131718
696476544
743097994
654578144
667288904
704200104
671205868
696045608
634385154
686905406
658393314
707294702
661449328
693764310
622835098
699896874
658377930
817058120
733151384
693916972
680850922
681340416
688967878
638802360
693133258
665072290
714880022
651616788
701007866
645737890
709592348
667377916
743301680
710060672
698709088
682114624
715506692
712107982
670958024
686223412
628989084
776244634
673762314
712355450
706233536
663824978
599072688
593440170
631406562
602986902
626921042
730221096
746930394
662411774
639001678
628240414
626081988
635378336
631966944
639044158
630412146
600067386
666925174
593371438
589298282
608655842
586748916
588297902
588163586
588881818
585444980
589715270
588334682
588696964
587837784
589140914
585697790
586056590
597505378
587159146
589636214
626416942
588511518
586825734
660421930
592139564
588634664
592137714
586934760
596139610
588620856
589000220
588812478
591165558
590190774
591959876
594830904
690610406
590906948
672362460
592827810
590415198
595643050
593063908
593120630
590221324
668277456
596836410
589986424
594856782
634151660
591241962
592884708
590655594
594756480
597213786
596114440
628806732
596914256
591588128
591949426
590476814
593792246
596562728
598041188
593696744
595464488
593189918
670193668
662181280
597846404
596928208
595957184
594313782
596416058
594454970
592484930
593999478
631419332
598765748
595237724
593869724
598522166
594847840
591225394
595772658
595761526
597878002
593336304
598023268
673041896
598670594
598177618
599606180
595067116
599533894
601942614
595323956
598263554
637750116
597430916
595931738
601154036
601424032
598897292
597863672
598873290
637231488
599693502
600205998
604854636
604719998
676374800
602405252
598473222
599667922
601899250
601935828
600556056
599816996
600814052
599373932
599829208
601982774
602347832
600798652
601849132
600526092
599125428
600581192
602560244
602332214
599746210
610212032
681174652
639884668
601928148
605354876
602621878
607397760
602159162
608277262
605127664
603500756
606200830
601414386
606137814
604719920
608440908
608166960
604021256
604185670
604601146
602889250
601754160
605952872
606066464
602100206
677350556
602705652
607591306
607618292
612129884
607028650
641181520
604738654
604653994
610692496
608961804
607696906
608956704
606646470
606044416
610154536
609501580
606805358
609929344
609237798
610399260
609654512
604616466
683271780
615178082
614483338
608108682
643989392
615244092
607348704
610137970
609633122
612282766
613048888
645176522
610271666
610041778
612142238
610250520
613200768
621690536
616806598
609806906
611440064
609709282
692351076
614243776
610141014
611415566
612771546
609659716
614855648
613247688
613312098
616280132
613374446
630413942
615559310
615418134
615148948
613779604
633266482
630194022
617260994
618772958
616656546
616471492
690828076
616045692
617081986
614730886
614988552
618081588
615945810
614890790
618498468
615782746
615668368
615188530
621809414
616170988
620137248
618228722
614012086
616526008
617388848
616584874
620851776
615590202
651699970
692641280
618358082
617803668
620694608
616838568
616004878
620595000
620960286
616916702
621506966
620658926
618363040
618717610
619683040
618812194
621372082
620780868
616978856
622112256
620209490
617764596
624659354
694332394
620210702
621361460
619858386
621131008
656605366
619948256
620216190
617199870
625195904
621471924
622795532
618432012
619302082
621972468
621061930
620893466
625686684
618889172
623584384
622418664
623165566
618764222
624873248
696221090
622610632
633015950
621400824
621207540
626161950
624018830
625668674
657421946
626587236
622365624
623843946
623581426
627374628
627372080
642338680
685316296
634953864
626283484
662075044
634870588
630760882
623681258
705259636
627884752
627571388
630095818
631418520
628363278
627994842
626584728
625214250
629712724
628441308
627351958
665731346
629995256
627635088
626404864
623207368
624035096
629440146
632255628
629652792
628813522
714999062
634971494
630900164
631516832
627992124
632702112
629331066
628764696
632841650
630994918
631641960
632482688
631523506
633417176
632606062
634793388
629729246
669072288
635817044
629553054
631866396
633174922
701834342
633460916
630609528
635480632
632862526
630849012
628943004
631937288
700823712
637376774
634616694
632283504
628531910
634956538
632629382
632707842
635944968
635444106
630818300
634487334
630837920
631964050
735093374
636208434
633833600
633619328
637734112
635966056
633628614
634483572
634413410
635580310
635659836
631368962
634946364
633400544
634104592
636200146
651244920
646520878
635923572
637194550
633886070
711935270
640182976
633444636
634690330
637789280
633046828
675296500
640611398
641756308
639342476
659333764
635978914
638253852
637770028
640665864
641869080
647608172
636143984
637609540
640914302
639183084
640080898
716379034
639553324
640867054
641223336
638490034
640283236
646512042
641611942
642087336
645500442
644465416
679652656
644921288
645704822
641111006
682235710
642426818
640801084
643995870
640039664
721647852
645850456
642720776
649662512
642683982
641529196
643967916
644138462
641545804
646434110
645812546
644536484
643078230
647275786
644062342
643950016
647989138
682282056
645486806
647792564
644051134
720885848
651904778
646043488
649120018
644884834
646887054
642769598
646899784
677853708
646899978
647576684
648275260
644579950
652500196
648852234
645841408
651116112
649761570
649823226
650040972
646118188
723471764
679756322
648229414
646700452
649340196
646240576
647986176
652930272
651406574
651351308
650998992
654279248
652286630
657756542
651092590
651661994
653976990
652903706
651258108
653617746
652259836
652857380
731914832
660208470
651133598
656613074
651276182
653880278
733403180
653240622
650504880
652165824
656042620
651350596
653687804
651938102
653434322
655722494
653322684
650547466
655260214
652518612
651855878
655999356
660450176
734415566
654293060
653815656
658823150
655728306
657937488
659337598
658042662
725605132
752923136
712192338
707596274
715225222
708658912
675425572
649294184
660545336
741152100
812855918
748501574
802558510
645890324
703238320
758245330
766283782
654293824
730186516
753518598
730803182
737510430
700926598
686147616
655652136
681641670
919532264
652349122
1044104738
741390392
681938316
647360546
727072880
650168174
722159100
708932104
651572476
648566464
657466460
656465000
645281796
1143168952
1650686362
1665189040
1679757852
1672659314
1696240142
1668077002
1672409908
1674797656
1670620818
1674851980
1670817168
1698323204
1660542454
1680420572
1665098380
1681052314
1663784610
1680035718
1711562804
1667828760
1670398106
1674797584
1665063692
1688691420
1679953538
1707484432
1766687730
1769434934
1739801712
1688535888
1697445714
1682037052
1718213978
1707342916
1679412750
1701046728
1703291912
1732846548
1205548768
713876168
659476818
713096992
662045138
655675544
661545524
660421414
660089122
680350394
666704264
658915904
665769522
678971412
664048912
671308412
720708952
667946918
657718310
678839120
673765048
669168538
751330212
666332682
657888690
666118030
660560900
661144230
684255402
661341034
667588378
662301200
668591640
674570948
717725828
666522260
670721370
678346520
670524998
670275650
688396638
714288500
662223170
665066854
665417728
661548326
697418436
715788874
662520984
662533682
670205842
665824594
668766330
680878922
674980254
663057060
716820688
674574130
663730960
682918200
665858240
669952830
718796068
674581524
678517310
667143428
664509546
661230298
665226130
670473334
755741094
665977392
663577652
666038022
673825380
667776942
713785438
672414504
670560368
678094432
671285704
667711406
699286248
674402210
672409096
668880076
670456318
676633354
667520970
703803114
675408758
671827884
684521804
673661132
746698456
668633270
704867118
697615746
675232580
672129124
710864804
688923792
670042952
666294674
670390298
681529272
674312762
684346444
679435856
696799324
707233390
814527792
774008312
827839386
731753414
695438326
691688182
695422904
684665776
680926516
699889180
693803398
673074506
692868384
679308224
676226624
689277242
684221192
681880750
672071532
692120590
688962728
688809944
766714482
770915194
685041744
683784900
682031022
714988732
699385286
687114280
684366416
700084026
678639132
691986548
700260466
1272423632
1739697196
1750389664
1783860482
1743365850
1736444106
1745588522
1754286624
1742545742
1748729594
1745759314
1779911880
1740949412
1741466818
1739807304
1741995662
1753989302
1760855174
1773010340
1735130108
1740281934
1742834338
1745126674
1754850236
1749702150
1731282262
736204568
678973302
688833870
684762082
678988378
685869144
683458370
690172818
692203732
692787500
694361396
694777332
697310684
689798024
696128750
695100518
694924238
685907410
685088556
732202024
675653432
677322692
685846142
680374064
679155564
692377074
694408812
701011366
730186748
695169280
691792404
698374990
730509886
703832232
690392196
681035732
704359130
684645562
681356586
681992782
681102930
678605592
683392710
720750106
686592914
687060908
684789836
695922020
695962878
699382158
726108578
694593242
700899714
689679888
690627706
694241848
712615002
703030146
695666238
739840738
699944642
684590730
689808018
697398094
695059770
701475532
737137418
710462212
726143436
686024664
683942978
685867388
682299274
680902660
683135690
718946690
707356664
693945764
716073586
708637110
695315580
707843052
697750120
701273320
702156022
704085746
698056236
700536506
701211708
700277626
741835486
703044124
698790640
701742124
710130568
710161832
706413340
705640642
706637812
704922646
708786166
718101558
710822722
712515250
705918184
703048022
706193396
706379544
750332474
708345454
707627602
712528352
711060118
737618796
703690520
706163686
694615770
690757382
708630570
704381508
703826974
714677094
694089918
697605330
1369679162
1787042022
1796175340
1800896674
1824830772
1799205250
1800280208
1842895394
1803465024
1834735884
1810877314
1830848284
1796416164
1800003010
1797978410
1803190192
1806724264
1798846018
1841057034
1820450580
1807446882
1293420182
727811548
710595630
708083580
696532822
698722496
696244730
699235446
697520326
737600774
698987330
703515708
712699656
706307778
703625376
750760114
707379036
710310668
712888636
706917854
719500164
702818406
715761232
707581424
711473046
700214394
701996236
702112050
701692554
733514024
718304988
705178506
746099346
714145976
712603326
707586708
