5394
4704
5110
5810
4752
7322
7446
7052
7744
9026
8000
9474
9638
9298
10698
11188
11148
10784
11512
12848
12400
14342
14330
15230
16326
16546
16576
19546
17476
17420
18282
18440
25080
27354
20534
21228
21070
22276
23864
25822
24640
24642
22408
25342
26044
25528
26954
26802
32366
27422
30656
33412
33096
31802
33468
34270
32726
33756
34990
38310
36032
39190
36464
40760
38372
36950
39806
38428
45750
40006
43016
44808
44488
40016
43778
45956
47864
45522
45204
63534
49510
48314
47662
47612
49966
51488
55942
48012
51192
51868
52902
57392
53854
55108
70604
66478
72492
74876
66830
60034
57238
63046
58538
61664
68730
61912
62300
66830
63752
70262
61368
66280
62962
66252
70174
70906
67538
69798
72372
138262
83388
115766
138896
68490
74252
71486
71814
77490
74956
76930
81518
73452
80068
74218
76032
85116
82574
79854
80834
81834
86560
121266
84998
78278
80626
82268
78860
84050
81768
87210
83308
84668
92688
89300
94848
89418
92484
91098
120464
87350
89194
87678
92288
95192
90458
89426
87596
91508
93276
93022
104932
96876
94254
93920
105548
98460
100194
101942
98118
101070
97332
99138
101432
110900
102692
120168
107348
108578
114518
107152
104366
108694
112912
111166
108018
108626
113230
109804
112644
113446
117592
146424
120052
116570
109570
118976
113130
122104
129640
120692
148300
148042
120936
116144
120700
117108
128668
119804
129128
116386
120478
127318
141266
120190
131584
126672
126542
129320
128060
124780
139074
133566
125330
139560
128732
145166
155044
135040
131140
143536
140058
133566
140966
134020
136566
144262
139696
158548
137302
142798
150756
138518
137798
148100
143248
146564
161390
144820
140958
165648
147114
147762
148382
148246
149990
152702
150332
149876
175186
197040
171258
164718
156830
164198
154230
159794
202548
166110
162414
159264
166560
154636
165446
161254
163522
167054
166296
157844
161176
172420
174718
164144
174094
173444
162274
175392
171044
169568
180038
165366
181186
179954
171038
172448
175260
182716
176740
176080
189258
188614
185600
236464
228286
175394
191236
181352
177622
191448
258676
185414
193200
188788
189004
183718
192580
199734
195296
185910
200534
192148
188350
197114
201848
199690
195884
194194
203182
225940
193914
201904
195920
195564
212328
207602
193610
210874
222960
201162
199900
200236
205922
226558
285022
286384
205794
222368
280806
213488
219330
224422
222074
216314
214456
217480
227132
220582
214442
223444
213170
233218
279746
218060
225916
248372
231800
229524
222940
259906
220356
213536
217640
245196
233368
225438
222072
219922
239556
222448
226652
253522
237870
240586
255938
227150
243108
294300
338738
308338
233388
230822
238678
225214
244768
231132
260430
234018
231014
233578
247642
233120
236590
237448
250052
239498
248518
244374
240082
238634
243424
250396
322708
251714
252640
245882
263470
247982
250742
261470
255556
265694
256934
250358
251478
260684
283108
264034
266902
264214
249656
258120
258228
260218
253554
256230
398198
325778
255686
258220
261118
285762
262118
271094
262132
268150
269356
265118
279066
267298
267886
272812
271060
273944
293574
266740
267610
271172
262324
303254
280296
300428
274008
310764
294402
288176
290688
273378
300684
281252
295436
285026
296180
282554
275132
297684
292540
285388
282174
292406
281522
357508
285742
307706
300386
294634
292378
319612
297724
301144
316902
296102
329984
314954
312998
294534
309282
354210
414124
433336
435108
308542
302786
315514
304478
311962
329272
340954
314296
324612
304052
319918
351046
321566
323152
309686
313160
306634
342586
319492
313572
311564
321570
333522
327450
328278
326664
323558
317872
334736
334252
323238
330118
334506
326894
326622
346718
331364
383798
331372
330924
331030
342988
333304
331612
343614
330522
351240
329992
338598
342252
339704
344120
352138
347416
361864
327862
370614
345502
417606
334466
345686
350322
345890
356368
375864
356632
335380
346390
364338
364442
357800
347004
358622
361244
380676
338492
354924
344936
353468
359630
369748
349412
382880
378006
372582
377878
357516
371090
370428
379800
387248
359388
366868
361198
378330
373874
366710
373526
371466
381720
361184
393580
371036
398644
366294
374686
387732
398670
351936
349444
373766
385868
434248
361068
360236
402200
453282
387904
370928
415002
413634
461810
429580
408682
403468
380290
393934
396956
401380
382364
397190
418836
395696
420190
427530
408294
426762
400572
407774
405956
420242
428616
395046
427540
414814
440982
512780
419320
417116
407638
411746
408426
452014
477660
431674
437310
412680
401630
435890
417558
452760
417674
411462
427316
414720
445878
418136
490204
433986
428016
427400
430140
423634
414906
432078
463790
445938
429976
468564
505696
487338
454812
450902
440756
456540
432924
428988
428682
447610
468210
444350
427250
441918
435130
494810
443412
437776
486048
437186
436080
457424
459730
445280
434178
536512
459752
450964
454370
434658
461984
482422
445966
454960
467110
449222
457070
463266
519286
457632
480550
460756
458442
464440
464134
459244
506680
457882
553558
453848
450238
494934
504742
445636
424706
449074
444974
466550
446636
451222
458072
520984
454624
452204
439480
466904
443564
453670
449846
451426
448966
458478
458600
461250
452946
446024
461754
451132
471538
463500
450798
461398
463354
446302
460718
468438
479060
455916
465270
462410
468032
463846
447040
474784
458314
465530
465282
469842
478206
475094
497030
439334
467638
470000
476956
439206
458114
478634
435936
452536
459790
498024
435246
474052
450282
494754
484414
475752
514378
468256
497562
610058
467584
606902
520788
504326
526036
519826
482734
483072
523594
500842
495314
487476
478058
481250
485630
472144
464540
466520
481644
495784
524338
509610
483428
532448
561896
484256
485306
485702
473844
465958
476486
577890
476226
474848
464288
495952
473944
497114
490458
499664
506106
499022
515000
517732
521536
573148
622062
655576
502048
532272
506252
497390
561834
519390
519216
515008
535120
553454
502812
518304
513522
585132
509418
530884
539260
499276
530600
539462
517412
530120
511428
498258
556360
560018
535426
527940
514162
505312
508726
554768
534710
514694
537180
527108
525572
560704
529558
523026
529494
576276
588480
538672
537326
532946
510694
521394
521682
550416
561440
555784
566864
522958
580452
538718
534588
540534
526798
560536
537748
576610
544834
553384
546486
527046
555938
577104
543550
553550
546806
523312
532410
559002
564090
539650
537208
576068
546134
562728
540258
540724
542634
545438
571500
549290
534848
570062
554508
540556
565564
592022
540654
547592
536306
545470
591248
611206
579880
600278
679534
574908
644828
694688
595194
627002
551722
646892
563040
546426
566652
566090
575782
576740
557026
563538
568724
551534
678846
574138
601536
602336
553388
603554
575370
562160
584392
579138
577256
664554
601038
624846
576998
574362
621108
587426
605032
563208
601600
626888
701052
649638
747028
629974
605140
594412
613256
619498
617444
619238
591386
606222
595490
624602
611226
591198
596410
639054
609196
612452
637344
614716
612404
623048
616376
605226
593690
599604
607034
604576
596672
647826
617072
635032
599412
592634
610234
625210
644574
663810
632798
620872
600882
607920
614256
593808
602786
649088
641258
649252
612198
602310
661120
627724
618444
632850
603778
646814
634296
606926
653612
645118
636274
629884
638452
618316
622154
635136
611178
607538
660886
622418
642690
650674
627316
620162
659366
664654
655844
656498
648062
632904
679918
664768
630646
664326
717998
661972
744362
772108
834446
848518
952612
981396
1004576
695356
997564
1002172
741056
1001902
1043380
1044224
744488
729908
752750
817706
751608
725006
708224
722486
713630
824138
707690
715780
718342
703936
718252
729592
740854
797968
855718
792652
825896
805784
750750
745736
749750
869446
734156
783288
804360
760998
748644
773548
813212
801096
767142
780342
835044
767692
790222
777790
768116
784020
764594
763982
778206
804758
765836
786688
805668
817674
847744
800900
846706
735790
786348
796924
776816
768440
757348
797830
781690
770772
747566
788718
754900
764376
802890
978362
837598
777990
750718
803030
805680
761990
830938
756960
783626
814812
811530
913572
813900
769140
953594
801898
814836
830092
771372
837180
857824
938684
795360
840828
925806
787560
813308
820176
805564
783778
813852
785286
911520
798992
795234
808432
849296
768924
787602
770706
793510
762344
867924
773048
775624
780814
789218
787254
907900
839974
1088204
966850
820442
837290
830416
895634
832642
840178
825046
832602
801544
828082
816060
866528
837872
894158
800128
847110
768990
771740
778072
791380
783282
794834
835476
806712
805570
846094
806574
836228
775070
793918
765322
802192
804644
809804
762226
796268
763500
760462
797102
775260
834164
780584
809230
800302
829570
812784
823088
768474
837864
763912
783578
796480
813828
822362
776526
812526
799342
810888
851760
749102
794266
827572
814822
740500
750092
800588
854266
833222
971100
825808
811812
801866
784172
771124
805952
801110
855828
817786
804172
853668
784654
827306
845504
805456
858266
777336
811416
783476
792772
802168
855788
798358
800576
767042
806394
822752
917814
914124
889996
918998
843940
852990
853090
870152
837316
845592
916162
836674
868662
803416
820388
816422
839626
810796
865856
845252
870092
794288
807440
858710
842750
826644
940710
860956
916912
813474
834682
854886
836676
895632
814344
1111904
846462
833422
834520
867620
847004
848408
816966
849698
873164
874152
826820
814416
863826
858210
804730
811430
823660
839344
828806
820404
844464
823058
837146
842138
875698
846890
855638
849956
828588
861218
838960
835366
824764
826568
881932
846258
854218
853854
913354
839184
925852
820876
821002
875070
901512
923960
827502
858328
834144
849040
868524
847470
889152
863954
889314
900380
860436
813562
866748
880846
881364
914852
875642
967354
849512
890078
855336
899604
885388
896174
854522
838528
858012
990624
870690
920464
857784
897198
871654
919718
943670
927328
878236
866558
908886
882222
869272
898632
891890
919856
1189620
903774
965372
937576
920656
906850
946038
875114
920536
986672
905334
959236
991442
928530
937794
922956
904344
919920
926206
908574
942562
895084
920262
1069244
900962
938060
909926
918164
882576
911750
888638
882188
928906
929786
885098
920090
876838
886742
944968
953862
931132
891210
914502
895918
887524
888522
987520
903980
945866
893558
935994
922864
888110
967312
1018060
922672
912748
948046
913142
975540
1054276
939606
932388
975008
932428
937878
934674
959810
907354
897596
946980
915922
925286
927356
1050522
910336
947720
1000240
1010048
1011656
932392
982602
913986
950538
937444
941134
1238366
1082534
957038
958018
999692
1002452
1045004
991440
990566
969318
937412
976746
983800
942702
1027476
1015252
989450
969454
1051106
1016754
968352
997596
1101424
962432
1065186
1018494
991834
989246
987686
1029232
1043880
943000
987690
963168
1022410
1132732
1033832
1013820
952882
984098
1028796
958512
1009318
963292
971752
967060
976554
1000550
1029422
979096
1021238
1052268
983792
1024400
994852
995668
1083490
1134612
1031828
1005138
1048122
1042426
994144
992904
976788
1053094
1086852
965600
1003990
998740
985856
1001752
971296
983542
1067056
1003550
964824
995072
1025726
1059620
1166104
1267974
989120
1048268
1061074
1079968
1096834
1093950
1056558
1124696
1075788
1092204
1016094
1018554
1036962
1006262
1020662
1061406
1068024
1038004
1028194
1161708
1027552
1149550
977992
1040986
1011022
1028972
1018320
1070802
1060972
1063832
1002228
995098
1066778
1076868
1019912
1020208
1052506
1326168
1107802
1073610
1097216
1021488
1033172
1081650
1073882
1073222
1108600
1070356
1043972
1116860
1468456
1489168
1105334
1130442
1101160
1145824
1205266
1186492
1203364
1146812
1118258
1106910
1080658
1112688
1077518
1106056
1095458
1176662
1084180
1110314
1137860
1116030
1344640
1107530
1117690
1167538
1139094
1155166
1151256
1188054
1092618
1242218
1139994
1112596
1201770
1129636
1113192
1139376
1140536
1109228
1168284
1194614
1065478
1174850
1217548
1426380
1710758
1290192
1213954
1219810
1170178
1425716
1188790
1214464
1215736
1257702
1363668
1208666
1192072
1163560
1216624
1269398
1201736
1200238
1251868
1364050
1215782
1174898
1221602
1217690
1222598
1229126
1243266
1258826
1430046
1228546
1223580
1256320
1289440
1628286
1334460
1188844
1206036
1244114
1258928
1383428
1375810
1486878
1192792
1278348
1297214
1214446
1251760
1187826
1286588
1287924
1275408
1210090
1201992
1323546
1235180
1210512
1187496
1245848
1337182
1244044
1191076
1250034
1309332
1299066
1315530
1377602
1251894
1240316
1252968
1256318
1235564
1213790
1223300
1231284
1285216
1335286
1237216
1207510
1257332
1301156
1364550
1234362
1352982
1933712
1392968
1392186
1293374
1240406
1278782
1330914
1231360
1222448
1223192
1243394
1320122
1257350
1228096
1328706
1251272
1350560
1351256
1281124
1299402
1771508
1400418
1492152
1345686
1269346
1410700
1310100
1262332
1238504
1305770
1301766
1319114
1331304
1312040
1288820
1294820
1251580
1382470
1363432
1832010
1332294
1439880
1326632
1345810
1297222
1330528
1312368
1317346
1316246
1256356
1296792
1320102
1279502
1340024
1267580
1252730
1287600
1472348
1557608
1637340
1504522
1443074
1388558
1432640
1348912
1328304
1339510
1405792
1374408
1342348
1302722
1301790
1324864
1350828
1266958
1413270
1330920
1415726
1427682
1353538
1523284
1398924
1369714
1453498
1355112
1331608
1413330
1270136
1294070
1363800
1408698
1339278
1291366
1358562
1420954
1337770
1435350
1388282
1296196
1311138
1314032
1363946
1322788
1401254
1370792
1393392
1294796
1294592
1344060
1456616
1406446
1318942
1352922
1326616
1364948
1286262
1319848
1431868
1424186
1348510
1366112
1353448
1414268
1361932
1358008
1393500
1341970
1350486
1401036
1331494
1336208
1351168
1493830
1352142
1359068
1689568
1448244
1428578
1409730
1426106
1530582
1401622
1384252
1312010
1331754
1536268
1487342
1352760
1386278
1373232
1392806
1383364
1459048
1396932
2014858
1522930
1473020
1392846
1388742
1363968
1381800
1384722
1368170
1562172
1354892
1399070
1427824
1364652
1399676
1364910
1440966
1522070
1919158
1716764
1399476
1436736
1409006
1485542
1420334
1369590
1562002
1460162
1403946
1511360
1415766
1431378
1389010
1409804
1470640
1432922
1949808
1510910
1612494
1422180
1500572
1406920
1381294
1440568
1500698
1332926
1420266
1537852
1386682
1392196
1446882
1395982
1522602
1450746
2156330
1558254
1458882
1449506
1435734
1452934
1469968
1426062
1408760
1400068
1409534
1435554
1405558
1455118
1417440
1477502
1502414
1697010
1781046
1628404
1509142
1465930
1482328
1461528
1458582
1413390
1509028
1542636
1429990
1430258
1485146
1492918
1466848
1494218
1553022
1755892
1588508
1574576
1485832
1575464
1488518
1498626
1527232
1691722
1456096
1507152
1535886
1465084
1521032
1462118
1473562
1457260
1798026
1651628
1580586
1557448
1574606
1492318
1512746
1513406
1498354
1440772
1502652
1452234
1441434
1424920
1489652
1561314
1477322
1973892
1572328
1549006
1534354
1625290
1466682
1497624
1538166
1479706
1534206
1478714
1474930
1525078
1572154
1458066
1627606
1591412
2007974
1586426
1648484
1520826
1500428
1465564
1563170
1487208
1561806
1522264
1506576
1494458
1493440
1554748
1539864
1597376
1596026
2249612
1553804
1576920
1553808
1514778
1540058
1546070
1611250
1506232
1550068
1542468
1531892
1616740
1542692
1526778
1662140
2130650
1990676
1756664
1728042
1625562
1570494
1509550
1617322
1498874
1562964
1588596
1544282
1525942
1560080
1681208
1703036
2048774
1687994
1665398
1564488
1622170
1508058
1644948
1498788
1654832
1508436
1515760
1530150
1616390
1535296
1565654
1600272
2113154
1967704
1686950
1636200
1607522
1532718
1525936
1688606
1632026
1540558
1619528
1536350
1589442
1525236
1672108
1593882
2232260
1858162
1702696
1603476
1585810
1670684
1554114
1607024
1579932
1586790
1557980
1882596
1599948
1526916
1724912
1655234
1752746
1715878
1750806
1660374
1603282
1600332
1721860
1586806
1536416
1553456
1562964
1609264
1620866
1525802
1826980
1615370
2049864
1768614
1605944
1634016
1705910
1648206
1578308
1596740
1607930
1602466
1634204
1586306
1675552
1628310
1664674
2115910
2046054
1822878
1625942
1626854
1613662
1641648
1650376
1700276
1569210
1576512
1637488
1602714
1595844
1835176
1876870
1967980
1917060
1632078
1685674
1749164
1644930
1615778
1654474
1583788
1667618
1609602
1633744
1620874
1938688
2800534
2051370
1664118
1714490
1644440
1632622
1732914
1832274
1714164
1656520
1656362
1652542
1639150
1821382
2048660
1854246
1679950
1742666
1749640
1656550
1710700
1795568
1832300
1632240
1751718
1689616
1777590
1730334
1777452
1947186
1829810
1779864
1746716
1684202
1660754
1812624
1684586
1667192
1706924
1636134
1690558
1651784
1655770
1751672
1834446
2180534
1808156
1816642
1704436
1818058
1713334
1747064
1778480
1655432
1639650
1746668
1669984
1706858
1767444
2322252
1906376
1766708
1693646
1712706
1744300
1699322
1735278
1712082
1715720
1725798
1682384
1767622
1753744
1890142
2608720
1809278
1760104
1832830
1716640
1836214
1692478
1742266
1773656
1736774
1690098
1705302
1745020
1740502
2293426
1903240
1877874
1753258
1758006
1704794
1816080
1758162
1716190
1745586
1803248
1793956
1737454
1954140
2067666
1801680
1772982
1792926
1874494
1763620
1697224
1804508
1740242
1814890
1822538
1678564
1748016
1721746
1792800
1991614
1857856
1828476
1776170
1743534
1707198
1761530
1697598
1839196
1772814
1725102
1771040
1871560
1794666
2191266
1887958
1840148
1830566
1752430
1730108
1876354
1789206
1733876
1733330
1813884
1740972
1714204
1827180
1868698
2387152
1872856
1763264
1826892
1834356
1746242
1841788
1769250
1740190
1795532
1724686
1836316
1858196
1826690
2458830
1989074
1807354
1831244
1879460
1771862
1757764
1875342
1705252
1728102
1910726
1766596
1876632
1934224
2285810
1805080
1916492
1821304
1833908
1854600
1811278
1755960
1797752
1793606
1806930
1786312
1878752
2667024
2099714
1948384
1893124
1930778
1810040
1819208
1822810
1772750
1852742
1823664
1771162
1889666
2264544
2012162
1890490
1839690
1800678
1888370
1903062
1887200
1833556
1817232
1750118
1806226
1841836
1922538
2536020
2169510
1865068
1902818
1810314
1892496
1790792
1801778
1909786
1863434
1831958
1852946
1825972
2021282
2039156
1874986
1950376
1893480
1833628
1855250
1826566
1820340
1810830
1963006
1912074
1916292
1871798
2720734
1914930
1925924
1883728
1880546
1953700
2155246
1874484
1855352
1800782
1948274
1773968
2018368
2887756
2139452
1940104
1973536
1970166
1849826
1920074
1885228
1955052
1779142
1902396
1880966
2053444
2317220
2036806
2010982
1892544
1946610
1911368
1973668
1816262
1969810
1866872
1845800
1848482
1889838
2410594
2019488
2048028
1885702
1893430
2029686
1935876
1876590
1836294
1891544
1866706
1905526
1891162
2028008
2316762
2042100
1887428
1910214
1993408
1898412
1940078
1919010
1844010
1956250
1980728
1943822
2027050
2875366
1889548
1954926
2117832
1912650
1848986
1891882
2015552
1874378
1985152
1948550
1919262
2309040
2218012
1968682
1962628
1903114
1889080
1906502
2067966
1968316
1818096
1836996
1924796
1953140
2105904
2121798
2124636
2007220
1972596
2044230
2052940
1902118
2030724
1997744
1906020
1936202
1999218
2871880
2211070
2049198
1982184
1979210
1910996
1946778
1944362
2004700
2028286
2084494
1922334
2029822
2266524
2200024
2068028
2160232
2013608
2016014
1900338
1939976
1942284
1925184
1929638
2106748
2143128
2190812
2065236
1976656
2056758
2019352
1982860
1937364
2027262
2005860
1950556
1940990
2026724
2160762
2163818
2179434
1997540
2124950
2043140
1993886
2000556
2019962
2164324
2177504
2020434
2509678
2034276
2018978
2088322
1989634
2061936
2010310
2116896
2036810
2056510
2009358
1885110
2034204
3683816
2018110
2095402
1983498
2043976
2074966
1983890
1972660
2106218
2134604
2147266
2404528
2486016
2087102
2150766
1955380
2114880
2090722
2001040
2023424
2159884
1999122
1990962
3079458
2020754
2132560
2092568
2050978
2083148
1998570
2017212
2173156
1987860
1990602
2130256
2129254
2608350
2147298
2102928
2054844
2167442
2106694
2091216
2013640
2087880
2187616
2063950
2608518
2095008
2103754
2071788
2030410
2084934
2059946
2046976
2134334
2077792
2048930
2060206
2447414
2388868
2090136
2296152
2180408
2157472
2068276
2059724
1973062
2065148
2069746
2145110
3043652
2234064
2078670
2173444
2041156
2229600
2159734
2117632
2024782
2063432
2130312
2057866
3063906
2261932
2057352
2283092
2085796
2125608
2147570
2051390
2154572
2204816
2002486
2178802
2595722
2179002
2155134
2044284
2131736
2105732
2088608
2102364
2042918
2061120
2232784
2687914
2439964
2087500
2168178
2147610
2354336
2079590
2196744
2067954
2275592
2245962
2265484
2743944
2167918
2081974
2272722
2084452
2237580
2137482
2147962
2133256
2096762
2283450
3434370
2298218
2119868
2215878
2160022
2101662
2109638
2188734
2122552
2123324
2102582
2561712
2451092
2143878
2263288
2140598
2141790
2286254
2186860
2100432
2071558
2146514
2571578
2511946
2205102
2265644
2170942
2340006
2205376
2142954
2176632
2095906
2224298
2636410
3331514
3024558
2988998
3023822
2883054
3262228
3007676
3569744
3086668
2205968
2198824
2279110
2194952
2157696
2146922
2224542
2237728
2279176
2496472
2886708
2127740
2161902
2197748
2296018
2419986
2188270
2326932
2208946
2390064
2685674
2954604
2297818
2391462
2213890
2288112
2243072
2135186
2125986
2210568
2457948
2804276
2429580
2343520
2249922
2220764
2175040
2213624
2369706
2255532
2193304
2295290
2979908
2338092
2302502
2275950
2227812
2261706
2119896
2192300
2466116
2298708
2184648
2447476
2716936
2352826
2209654
2227342
2272906
2210934
2230910
2265338
2260908
2261002
2285810
2360078
2539718
2190396
2176146
2185994
2428056
2237688
2254878
2155918
2257126
2122770
1982340
2050562
2003008
2184196
2020662
1970360
2026544
2023532
1923216
2072108
2044720
1956548
2113484
2104574
1931032
2012206
1907512
2166524
1960216
1989726
2008596
1964796
1916752
2069712
2059684
2014704
1957534
1924444
1918666
2053696
1959202
1992470
1978576
1947306
2136296
2056306
1949794
1922624
1908604
1987184
2095266
1959654
1874918
2169674
1944646
1928056
1930962
1971514
2058564
1986810
1897746
1859774
1944986
2019622
1867626
2000094
2080370
1861072
2004726
1888070
1950802
2002062
1990312
2083362
2023942
1953240
2046556
1919366
1926196
1972730
1955858
1972308
1919870
1924330
1973514
2015538
2046814
1978862
1923020
2035048
1928394
2036792
2001230
1980884
1976130
1929812
1989014
1990124
1964976
1948500
1955286
2019724
2110780
1980502
1946230
1987754
1979310
1935686
2081466
2028514
1956250
1952632
2036202
2102388
2290600
2109830
2056794
2060094
2117382
2438398
1971954
2225796
2112418
1956186
2084642
1977708
1967664
2142120
1952460
1957630
1982390
1945416
2020558
2158136
1929328
2006546
2122780
2009594
2049396
2082102
1991712
1983334
2036316
2032406
2141564
1968850
2117400
1998798
2057992
2099334
2097046
1966070
2092440
2059188
1999556
2043660
2005536
2116136
2091706
1990768
2008176
2040624
2028232
1997180
2059886
2084416
2013856
2018362
1981766
2002308
2183424
2001372
2014022
2048850
1978898
2004880
2086196
2054152
2099162
2129248
2079988
2020476
2018218
2209142
2135294
2022244
1994370
2043342
2096684
2000248
2013414
2011900
2069848
2012136
1988828
1947706
2103440
1997792
2029034
2054386
1999348
2090428
2144106
2128432
2026330
2087890
2055438
2048460
1996722
2058630
2278254
2013060
2511750
2262296
2163300
2254578
2046270
2132746
2297386
2053432
2094042
2148882
2089474
2108132
2142612
2188862
2010898
2139526
2102538
2169410
2158994
2158190
2038882
2173504
2017172
2086228
2158642
2150428
2095334
2186986
2090648
2131726
2178738
2110902
2148040
2143204
2270132
2259392
2057052
2144234
2147274
2067516
2070446
2110554
2075310
2169914
2142368
2207060
2212006
2068958
2091916
2070482
2101710
2123578
2108154
2119564
2141122
2173724
2084722
2055470
2197818
2169798
2182944
2210078
2157642
2136458
2192546
2287520
2196256
2041656
2160084
2196672
2164840
2093760
2150520
2198232
2213150
2192386
2079010
2128794
2167924
2062442
2125848
2323842
2075578
2212280
2149448
2140192
2125830
2276568
2128234
2218928
2298194
2154492
2240482
2134770
2155882
2207902
2170510
2324530
2213626
2289038
2207022
2101368
2051474
2221698
1998348
2109006
2159576
2091496
2194890
2142864
2083174
2088302
2111628
2044266
2102090
2003022
2105294
2169178
2163384
2053462
2134956
2041472
2100462
2154408
2191118
2094642
2173750
2026252
2037374
2199068
2056152
2041930
2275338
2051378
2085438
2111010
2082826
2059942
2081958
2034078
2107442
2191888
2062286
1995050
2082426
2154450
2230542
2237962
2194004
2335754
2323132
2286994
2436822
2164138
2784666
2154600
2515932
2161940
2248416
2460188
2283932
2125938
2267578
2174990
2246090
2147990
2164078
2165846
2363798
2199924
2224954
2297900
2244148
2201060
2333466
2442894
2189354
2282140
2235840
2244772
2156032
2222632
2277292
2179472
2193030
2425176
2325412
2329158
2226206
2199166
2267210
2457598
2194958
2394520
2326900
2146036
2249196
2278306
2235352
2288198
2327324
2465246
2242330
2224872
2264590
2278520
2295832
2382588
2119844
2112784
2058674
2156508
2156090
2204856
2102064
2337810
2146656
2259830
2442332
2304898
2297480
2230492
2152308
2216910
2286356
2226136
2449936
2293920
2275402
2273380
2171514
2266960
2163562
2153272
2377422
2235518
2065530
2185306
2146664
2170474
2281764
2204978
2160250
2307338
2210736
2187992
2322874
2257252
2263374
2156356
2183714
2429424
2318744
2162452
2236914
2226150
2147414
2368598
2080496
2306990
2097586
2230194
2331240
2418434
2206910
2386862
2169022
2227914
2480712
2651808
2402768
2278244
2449152
2443468
2307978
2347750
2265472
2268850
2352558
2323950
2340982
2387008
2285940
2422046
2261784
2315764
2416080
2330442
2491910
2470294
2431074
2317914
2345122
2302264
2307878
2271852
2260484
2405040
2436478
2316260
2321526
2295706
2546998
2467920
2316830
2515544
2364900
2355190
2310536
2333656
2303918
2332032
2285318
2435254
2252812
2339716
2409410
2311504
2292128
2345936
2280970
2265808
2322862
2307008
2252518
2334522
2219340
2299226
2220802
2245008
2292814
2188170
2364998
2271820
2290504
2416902
2312288
2306246
2143660
2195364
2301294
2278038
2193022
2335992
2194900
2255284
2264364
2141486
2238900
2402548
2391514
2457776
2335638
2347724
2436424
2555678
2334556
2543076
2431854
2374276
2364194
2357362
2347780
2290808
2240100
2596060
2231656
2284582
2369002
2302744
2355122
2351750
2337518
2301446
2263554
2356850
2313098
2255874
2414134
2265172
2316294
2425898
2201260
2353414
2285212
2404336
2261520
2280628
2361538
2288550
2604064
2510106
2302600
2270484
2363810
2312814
2405296
2261074
2236928
2433700
2409414
2818478
2560572
2482616
2422388
2545492
2302846
2383352
2228228
2343432
2243242
2343322
2310618
2359618
2349892
2337606
2283590
2268242
2291826
2333732
2351200
2409358
2276904
2512560
2299694
2410168
2376448
2314858
2368558
2367176
2318622
2381914
2300918
2305078
2318196
2342964
2501840
2285856
2257634
2446644
2514032
2442230
2276748
2289546
2424748
2297348
2818488
2543392
2481044
2568474
2381148
2825388
2519236
2388762
2763174
2604532
3097664
2448014
2381142
2532112
2382354
2878568
2394876
2515288
2490390
2519350
2889220
2448066
2754130
2482664
2460892
2966570
2470914
2441912
2699230
2486432
3137134
2605974
2397848
2464008
2465804
2811720
2509442
2557606
2494274
2466152
2608854
2976516
2598048
2413546
2864030
2558102
2369924
2647084
2429078
2747924
3068726
2581958
2585694
2555782
2769040
2709902
2660630
2553272
2647966
2544058
2566796
2779152
2618010
2676626
2769870
2719258
2863148
2712634
2853304
3018886
3356924
3023648
3091478
3001026
2929996
2861476
2960176
3537986
3194364
3040440
3086916
3094086
3379512
2999614
2839080
3327498
3291932
3154762
2977188
3232196
2869032
2946922
3098764
3949934
3018572
2903326
3213714
3020640
3248152
2861354
2980062
3297516
3164284
3336040
3032250
2878234
3307458
3003576
3042526
4012104
3298372
3005602
3090476
3014686
3175482
2898870
3083634
2963260
3025582
2770724
2966850
2708584
2853342
2840566
2709000
2773676
2741768
2861974
2725568
2964036
2773738
2666504
2710780
2687134
3004888
2796462
2839860
2685924
2620354
2551498
2555826
2794042
2599298
2558764
2726112
3064196
2770716
2547816
2866804
2592352
2633324
3128028
2651574
2737556
2595310
2657286
2739498
2611458
2867170
2726750
2747716
2682090
2598662
2602586
2660430
2770142
2592608
2715368
2706564
2652046
2712556
2693392
2780836
2701652
2696550
2606196
2803012
2886100
3018090
2735638
2954650
2921054
2730560
2753608
2629364
2640740
2726628
2873436
2794756
2887832
2836942
2849586
2759994
2818054
2580456
2743862
2925562
2755734
2793906
2896832
2585116
2744022
2693480
2650114
2931196
3144700
2785596
2656734
2573848
2745726
2750062
2721750
2665378
2776424
2724400
2697358
2684416
2665342
2794110
2750990
2695864
2671980
2637890
2608438
2819340
2905776
2645980
2741280
2651666
2853012
2732486
2744880
3028296
2897034
3172114
3083024
2725540
2870068
2645656
2718172
2878124
2839486
3025952
2856364
2781758
2852218
2869424
2829100
3094428
2734630
2750136
2758716
3003154
2903024
2745184
2798596
2897702
2732220
2841078
2892482
2781256
2858800
2789062
2647628
2816250
2838572
2725826
2739962
2670664
2707802
2654350
2699846
3058128
2702958
3076788
2743348
2807336
2844036
2751380
2793130
2960972
2778314
2749560
2796162
3133876
2883044
2720270
2771796
2819972
2744306
2905132
2775038
2861176
2658576
2715538
2693046
2830270
2760972
2667086
3038676
2981218
2895446
2812410
2718854
2785300
2820272
2775412
2965106
2877428
2930322
3047942
2829496
2969624
2891622
2850762
2737654
2802624
2720386
2726416
2852922
2715106
2984658
2830014
2984026
2821418
2873590
2876612
3124294
2881652
2828900
2962766
2815250
2865006
2799976
2931694
2816490
2787370
2894038
2825420
2882502
2817212
2824690
2810984
2922108
2736398
3295224
2849908
3427074
2858144
2779558
2816122
2909294
2889556
2793110
2895718
3022968
3617458
4384664
4045086
3030070
2886432
2831640
2935040
2924870
2845162
2800812
3244148
3404266
3343044
4140298
4221130
3544764
3533252
3382394
3410874
3287504
4227194
4057394
3257758
3554236
3424656
3316826
3668240
4509458
4237912
3650754
3399156
3312236
3345778
3551378
4843172
3718262
3314368
3190456
3366692
3439210
3279320
4306536
3425028
3355118
3332656
3434944
3522018
3228064
3444826
3492004
3368836
3196958
3435184
3269436
3283596
3241650
4692334
3481878
3718502
3211950
3362544
3207550
3520348
4095410
3401676
3490178
3273738
3221444
3233780
3346316
3637592
3703540
3285008
3448082
3187696
3335870
3316278
3373976
5038434
3326756
3322274
3409754
3284140
3230496
3934654
3659544
3837222
3354078
3525632
3425914
3508274
3660262
3624026
3476596
3289468
3619322
3406408
3396150
3678056
3889412
3382544
3503694
3446276
3711262
3506722
4328312
3624542
3434908
3564548
3381910
3510164
3447040
4149056
3687694
3469804
3336900
3267038
3408050
3722118
3842318
3589246
3652164
3370692
3439790
3342036
3410152
4356620
3730424
3713588
3455484
3437352
3341950
3429126
4235514
3551976
3504070
3554324
3478454
3314940
3434098
4722448
3536642
3418314
3456706
3336328
3609536
3364340
4790646
3563832
3433678
3353640
3258296
3372722
3439714
4779236
3592676
3704096
3430510
3751196
3284170
3575132
4168484
3755888
3458494
3350190
3522116
3626190
3411094
5537836
3479062
3591328
3415780
3438752
3508064
3531408
4089618
3888002
3690166
3527848
3696022
3541350
3741854
4566068
3554602
3314146
3478956
3492674
3698754
4019324
5386844
3403396
3465006
3424482
3417374
3698206
3466532
4016180
3530932
3612186
3407066
3685042
3628296
3819434
3600756
3689970
3543644
3609186
3446818
3720862
4393984
3546870
3377954
3519324
3357638
3508302
3864900
4889404
3904246
3480198
3484402
3506038
3427418
3724694
4453070
3560614
3410414
4069740
3722984
3772728
4173326
4174786
3886564
3473504
3772538
3490580
3554062
4135874
4221130
3548680
3387592
3615658
3596592
3588864
4768950
3664666
3409858
3584644
3556560
3676598
3835344
4292564
3651318
3547580
3516844
3842314
3993182
4106780
3669984
3530376
3824288
3528854
3430106
3896640
4143590
3582252
3693294
3488668
4260900
3547210
4812688
3833256
3732042
3578944
3522332
3537974
4036636
4259190
3753252
3827400
3663140
3458260
3875778
3821092
4425754
3817614
3471378
3823362
3531836
3655756
5097532
3718952
3648718
3559906
3465694
3944278
4058476
4254208
4246000
3711066
3604680
3611680
3782438
5012836
3927780
3774008
3560830
3738086
3593086
3839356
4755296
3605850
3817100
3897710
3700068
3742020
4442194
3768952
3563952
3634552
3916470
3591530
4684514
4158034
3910462
3576090
3713004
3993312
3878228
4222530
3754906
3548846
3591990
3766258
3808726
4633710
4122838
3626920
3795088
3666600
3491858
3829544
5249728
3591314
3710332
3541346
4012140
3548574
4855314
4375066
4123456
3790778
3609298
3618786
3838600
4081260
3815066
3552334
3769656
3562226
3806168
3731728
3637274
3759354
3709914
3775000
3493780
3524710
3709418
3561254
3681212
3458638
3804070
3177288
3330680
3461884
3541230
3282834
3218534
3160548
3400402
3476622
3587606
3345522
3369444
3189524
3202078
3179498
3258170
3199298
3525404
3133926
3169968
3133920
3191336
3200836
3236398
3174336
3188846
3154658
3136282
3212114
3039796
3032072
3127846
3176026
3197442
3430482
3191682
3170680
3486604
3196044
3256660
3340682
3354268
3206228
3240680
3185286
3119520
3132294
3074138
3126856
3210014
3142954
3257552
3095744
3183644
3198746
3275150
3271772
3375036
3230388
3514544
3218968
3191218
3263154
3387706
3392998
3357886
3327294
3047964
3309420
3116252
3241836
3209902
3285392
3161734
3207384
3297638
3113322
3285542
3205646
3155894
3419500
3111882
3637284
3131972
3486858
3308672
3485262
3111118
3305814
3075010
3075260
3572798
3379168
3149038
3123282
3178872
3425570
3122794
3267548
3309064
3337676
3287250
3179006
3058362
3211302
3166204
3340430
3339338
3322288
3204286
3207526
3675916
3333934
3189098
3383526
3108340
3139070
3111256
3568814
3074096
3257190
3334122
3119768
3155342
3130192
3108712
3183988
3186136
3486820
3989826
7493658
5316232
5829960
8407984
8507350
6524138
6900488
5930020
6347338
5619946
5856154
4493044
4303804
4447578
4286780
5016604
4719440
4928250
4708062
4688868
4105654
4003126
4616120
5886608
4383502
5091346
4171628
4090878
8462474
5303598
4858776
3998850
5894524
6265980
5588762
4641978
4139210
4041134
3899858
3964158
3800556
7249254
4860372
4067940
4176240
3957830
9256630
7366652
5706620
6350138
9101548
5687062
6108924
9423254
5570844
4366324
5549404
5929112
4803892
4610198
4690550
5354010
4396972
4411276
4069462
4106512
6839940
4667794
3849162
3811000
3880252
4021032
5178962
4096292
4256304
3860956
3849902
4394846
5170252
4022794
4109124
3819138
5648368
4149544
4136386
3808116
3957902
3762366
4184846
3871638
4726354
3901634
4069464
4064922
4232328
4194146
3853172
4375094
4381276
3963606
4110774
3790746
4170694
3979684
3839586
3756648
4565698
3895214
5287376
4824584
4221312
4992060
6020876
4344144
3919358
4074550
4334016
4206392
3821156
4428606
4280188
4773484
3944496
4089102
5116288
4226160
4048590
4191504
3891330
3936788
4146000
3912652
4177984
4513124
3876856
4090334
4136942
3956534
5450254
4115122
3915494
4158566
4890922
4032108
4130266
4023344
4356268
3853966
4209294
3799058
3979518
3799492
3782160
3909234
4201608
4091700
4536668
4251670
4011352
3669072
4207280
3953328
3780774
4016476
3489902
3655968
3383844
3705432
3580012
3589242
3389164
3622820
3882834
3403748
3652708
3510738
3557104
3635626
3858914
3496648
3905374
4050548
3957090
4127974
4096374
6305110
4137470
4207468
5632642
4640656
4099440
4150590
4092374
4169496
4147846
3940322
4984520
4047696
3905916
4006962
4568440
4014120
4367246
4036604
4155766
4217618
4047268
4649338
4127004
3908490
4199030
4139148
4493354
4215034
4258818
3967572
4092430
3980202
3920636
3709294
3799596
3862788
3625156
3440780
4236918
3444670
3783144
3695696
3711388
3451276
3466728
4061540
3781614
3719582
3638136
3850848
3890392
4029764
3513008
3796242
3596152
3921816
4076630
3826124
3953756
3696932
3626574
3814058
3857630
4059786
3624270
3557122
3674862
4507246
3646130
3558384
3789148
3990054
3509414
3466696
3607588
5399066
4621096
4131206
3667636
4081650
5547086
4600298
4076780
4139450
4429206
5280160
4333694
4057724
4310454
4185928
5649622
4290210
4597278
4179404
4176768
4487762
5817948
4229992
4247430
4440234
4423526
4402058
4127338
4006822
3988678
4108118
4910152
4842198
4116524
4192152
4021416
3984244
4565498
4634076
6513632
5707658
5583634
5551348
5433192
5528184
5746648
5437218
5759134
5613440
5748346
5829816
5753704
4540552
4133436
4319456
4528138
4535272
5205482
4132930
4287340
4535992
5859118
5035558
4147028
4442258
4536878
6300640
4534540
4487870
4312766
4057448
4967626
4627266
4185272
4512774
4404238
5271162
5138500
4803898
4536824
4844178
7076366
4638018
4470390
4411012
4279750
8916806
5217888
6165618
4599782
5975484
4844604
4584688
4198800
4384364
8653714
6094116
5165576
4499304
6059214
6065102
5383218
5850076
5525144
5799252
5692050
5649896
5819992
6246360
6467644
6087790
6173256
7190920
4905550
4720748
4173176
4104630
4149294
4309948
4086294
4497454
4124366
4147672
3824154
4221176
4141012
4065744
3854550
3981774
4002796
3672654
3791324
3782878
3889038
3651414
3821078
3701334
3567538
3778960
3699524
3553514
3834676
3565704
3770772
3814584
3898038
3610054
3685190
3545584
3856188
3916334
3797864
3621800
3638404
3791012
3703844
3690926
3767168
3623504
3747358
3613762
3586250
3442232
3850442
3715714
3601556
3586428
3860246
4042068
3876862
3769492
3704576
3740072
3735708
3631228
3717908
3622152
3879020
3757434
3409926
3622822
3408832
3827948
3512774
3592588
3519234
3575250
3713112
3936964
3452924
3447090
3557318
3682384
3636030
4067090
3695600
3649260
3816828
3652768
3866706
3977816
3640148
3698556
3564854
3871546
3616604
3703698
3861480
3694296
3639488
3819276
3954084
3935654
3809930
3585112
3661472
3748336
3822070
3807724
3914820
3661668
3863818
3770658
3836480
3618932
3866288
4244572
3906132
3831642
3816640
3834816
3907190
3680614
3658346
4152212
4303026
4007242
4064422
4205086
3989620
3886478
4164562
3833542
3982948
4097022
3686188
4299826
3655266
4117316
4005192
3718398
3639738
3691628
3849040
3828512
4415388
3738534
3827174
3582956
3869706
3846270
4143014
3932106
3848400
3748512
4014724
4252046
4109814
3625982
4018966
3692358
4056518
3804076
3575392
3798460
4018260
4254240
3497548
3641110
3911976
3583088
3557206
3487920
4107382
3502234
3646454
3443498
3813084
3984046
3579196
3883412
3913690
3944978
3944834
3617850
3704568
3618238
4159598
3687884
3753798
3794670
4109130
3626838
3663754
3519254
3975260
5306822
4364368
4004718
4125052
4126208
4413502
3979862
3780334
4083862
3988010
4045618
3976140
4040186
3947870
3792922
3920134
3729718
3857554
4363482
3884766
3921876
3778908
4587264
3920240
4214324
4242840
3888824
3892846
3812944
4351840
3978148
3849816
3875890
3986384
4134018
4211192
4117542
4179724
4183130
4089968
3871980
3932612
4205570
3991920
3834166
3939944
4173712
3968746
4283486
3881460
3889716
3729708
3980856
3913940
3783174
4298438
4164834
4106106
4113142
4227474
3792104
4278572
3870076
3987646
4045020
3920978
3895248
4179898
4553520
4022650
3894528
3825258
4116284
4108116
4235058
3822042
3806232
3973144
3817064
3975584
3954108
4150424
4238042
4213578
3989430
4203194
4556674
4602000
3991502
3957222
4059812
4337596
4129232
3968686
3740590
4195696
4040776
3875880
3928202
3938324
4257724
3814750
4034750
4149894
4071148
3763784
3989036
3887060
4710400
4084058
4102894
3796148
3830270
4069898
3935938
4152074
3975370
4365706
4485154
3913374
4570452
3930964
3871138
3806536
3891464
3789550
3782810
3898768
3837306
3982204
4200726
3859236
4076022
4202254
4181218
4096354
4168244
3988992
3957056
4278748
3925158
4132634
4047690
4128500
3908600
4199554
3912238
3774218
3813350
3887838
3618080
3892546
3914660
3767578
4223476
3594128
3723786
3913020
4079712
3956190
3845226
3703202
3763182
3671236
3996554
4056724
4193572
3944040
3982378
3888584
3889436
4023670
3608902
3756672
4038846
3731938
3922984
3963442
3900298
3712806
3628170
3884454
3805704
3702306
4500470
6276810
5653952
4489734
4401688
4241508
6894630
6361872
4787624
4527586
5781592
4888532
4550122
4546604
4416582
4705524
4480066
4254890
4377158
4381900
4268698
4437654
4360324
3864774
4042690
4095266
4181502
4024274
4158640
3958652
4451824
3887336
4085278
3881876
4318926
3882350
3978070
3898664
4092828
4300800
4317940
4122744
4436102
3828364
5583560
4027094
3945188
4143062
4140324
3855732
4038420
3872874
4313782
4369704
4052722
4164170
4562214
4308900
4654442
4084228
4352740
4018872
4182492
4429806
4027774
4225758
4097022
4389964
4328786
4383950
4034370
4216920
4110306
3910480
4226040
3987746
3965454
4193768
3999752
3981754
3973078
4093738
4218670
4015162
3818044
4180154
4097476
3834512
4030254
3848906
4179014
4973308
5506628
4844790
4082288
4145224
4822040
4400124
4375196
4224616
4334098
4318556
4223568
4227412
4442886
4228736
4134576
4542380
4206226
4254458
4123220
4321154
4383248
4229490
4142504
4185556
4854412
4146386
4596534
4339252
4696610
4552364
4377692
4672296
4170166
4134520
4089890
4352850
4194832
4325756
4198106
4284336
4494782
4173558
4593372
4089186
4454568
4327750
4247198
4343036
4050708
4148174
4344886
4498132
4394732
4590930
4173538
3976556
4297088
3921576
4323844
4381526
3944936
4764414
4194030
4267566
4443066
4799766
4839244
3879312
4104838
4079238
3935446
4394302
4020852
4357900
3994072
4030592
4464726
4150062
4287270
4079488
4112742
4225366
4161360
4095462
4057066
4008854
4253424
3984142
4204394
3887220
5310608
5303102
4144004
4359250
4628836
4174000
4364868
4443460
4194040
4468722
4330114
4710342
4577806
4188642
4393996
4097282
4370636
4282898
4116552
4180518
4419280
4200442
4550910
4426786
4561142
3973316
4337838
4248032
4189212
4291010
4188352
4397178
4293658
4422898
4112052
4097200
4103516
4082748
4174692
4098668
3891394
3927418
4181404
4002782
4375764
3973226
3881954
4096620
4328868
4194228
3974182
3962402
4370720
4416800
4375380
3991326
4180462
4001670
4201454
4569712
4600434
4170352
4111260
3947604
4073234
3883390
3907710
3969794
4574486
4192168
4464790
4279642
4407962
4063958
4463564
4542778
3997082
4364932
4119038
4310510
4475652
4069310
4448378
4467154
4261506
4321868
4241600
4342110
4438238
4446788
4248002
4071384
4307906
4263864
4171926
4402400
4019170
4166938
4081122
4277112
4476166
4108118
4165460
4355408
4398332
4523602
4754532
4516572
4139856
4388514
4655894
4168238
4356780
4340336
4167384
4109528
4549908
4167808
4502060
4511406
4217890
4914898
4576300
4204020
4348838
4224162
4367372
4109206
4142078
4402540
4133968
4265978
4317594
4146992
4303538
4246166
4385982
4413654
4386146
4429136
4358266
4520938
4207240
4399778
4457662
4659788
4318672
4160576
4367298
4655228
4467104
4429842
4169360
4308948
4199690
4198528
4284296
4107668
4224956
4120066
4572622
4093760
4216100
4472554
4368440
4125708
4375210
4494812
4359648
4099224
4161140
4174058
4334678
4349888
4183810
4654550
4723070
4392576
4350918
4241110
4296168
5088906
5034248
4547980
4803532
4710226
5083328
5424094
5013872
4662440
4664000
4926390
4604580
4673538
4779556
4417852
4889852
4459412
4514716
4460626
4827198
4962678
4513470
4360396
4462020
4475438
4787716
4643552
4523710
4577316
4303224
4264540
4203588
4450648
4276400
4609696
4350578
4259072
4663404
4385722
4253320
4376912
4380698
4271210
4251562
4438258
4246570
4299738
4657482
4413060
4457284
4226288
4376192
4289596
4469822
4613988
4459868
4214846
4398008
4789906
4472780
4174890
4298080
4367680
4284600
4313702
4403032
4228196
4495004
4321584
5011862
4542298
4132026
4229322
4611182
4270650
4354430
4353144
4297684
4774218
4379502
4754040
4267964
4622124
4503336
4465110
4108808
4186754
4540084
4483484
4358262
4265420
4186564
4569628
4931956
4541438
4294440
4570800
4372892
4628470
4433440
4688368
4666832
4207324
4582564
4256636
4274170
4374984
4271214
4245246
4657842
4806892
4737092
4303764
4233026
4902492
4322076
4413526
5132708
4870372
4382304
4467244
4661406
4297506
4641390
4482710
4497632
4818762
5139296
4396836
4382434
4385356
4458674
4308642
4497512
4285712
4747810
4395876
4268192
4539146
4392746
4379912
4591934
4914082
4641354
4929194
4451002
4619530
4609460
4263374
4472028
4368526
4502872
4461408
4416724
4437106
4446536
4550370
4461052
4324704
4784256
4337352
4802318
4374198
4457272
4396306
4992318
4659426
4542382
4572842
4612054
4439818
4810678
4496568
4623182
4839548
7239312
4384682
4925314
4827080
4954930
4723758
4834946
4496370
4932730
4734856
4681618
4904808
4415766
4539932
4754388
4422104
4581606
4519866
4720700
4811198
4336734
4739458
4457920
4231860
4463552
4432080
4509870
4624022
4404362
4683138
4415890
4838420
4526132
4477094
4226698
4746944
4781244
4683112
4378358
4611450
4379754
4627448
4560288
5361388
4553454
4760112
4487530
4494778
4876154
4837134
4821888
4244150
4735726
5010908
5402246
4702708
4719986
4845052
4400000
4710424
4480498
4884840
4343606
4567764
4272436
4861412
4439356
4542022
4497770
4194264
4398206
4988044
4411056
4196982
4611992
4589906
4343454
4637678
5024986
4813000
4272696
4187258
4495094
4556560
4607840
4376106
4349932
4733656
4439190
4541418
4485214
4233480
4739404
4880558
4487134
4512754
4587738
4534564
4459376
4361670
4515100
4587810
4142922
4541908
4370116
4502076
4530566
4365142
4537218
4512864
4695644
4353272
4404308
4836700
4594888
4364130
4599728
4497546
4753244
4896574
4953280
4649866
4687214
4810002
4933144
4488290
4386758
4562826
4862064
4650690
5034154
4334150
4482260
5184590
4521900
4295646
4561112
4517736
4560694
5090162
4382930
4412598
4401742
4234878
4316864
4278374
4243124
4320336
4480450
4451182
4549396
4382796
4287382
4378252
4436086
4739726
4982248
4591212
4767324
5638024
4589190
4665800
4860832
4654270
4644932
4322580
4622566
4497872
5533206
6250858
4540522
4930088
4616160
5360478
5104888
4765526
4678386
4776346
4905150
4920028
4793864
4626742
4743726
4732996
5491578
4882612
4719158
4564822
4674184
4969048
4731830
4599450
4646776
4877104
4896470
4692812
4719404
4741498
4644978
4902392
4466996
4716118
4424730
4435476
4507014
4607724
4429218
4373054
4451840
4484560
4745922
4479906
4336696
4699708
4235926
4773030
4772158
4935054
4422856
4992590
4466818
4778434
4409886
4554318
4444594
4544428
4617178
4688862
4363966
4692186
4769924
4296214
4378222
4639070
4367828
4542786
4334074
4501712
4423814
4681002
4408682
4345278
4434820
4564318
4371274
4537940
5561174
4979742
4495984
4621100
5084594
4813492
4677298
4671340
4909934
4530300
4986044
4657764
4971856
4590018
5247612
4700442
5011468
4865682
5161922
5093394
4611032
5229120
4627702
5224268
4933368
4967118
4793034
4958798
4827500
4568666
4959780
4683002
5274828
4932420
4856160
5010800
5097950
4801214
5086250
5045558
4658984
4768406
4866660
4654374
4932848
4977786
4853882
4984304
5096624
4815086
4701986
4668876
5113734
5035968
4668850
4730220
4791260
4406176
4460860
4636096
4782364
4778328
4644850
4577908
4598370
4792604
4937018
4671628
4694722
4793360
4818270
4737366
4580854
4681408
4619282
4384248
5005798
4813914
4659148
4660138
4774382
4744060
4507440
4543610
4396026
4750458
5971294
5627484
4802536
5041230
5677344
5071396
5028526
5194472
4976072
5130348
4844706
5108730
5186916
5647110
5018704
5012886
5230598
5500772
5425720
4929164
5504828
4819290
4661548
5093122
4980388
4757412
5082844
5174516
5291100
4904440
4703016
5042422
5080016
4829244
4886338
4670838
4525190
5096868
4621918
4459506
4807204
4840234
4583582
4484324
4593096
4578362
4758526
4761298
4664474
4782356
4918912
4429724
4810646
4900922
4758146
5124004
4668884
4518790
4739750
4444294
4594934
4813468
5155946
4731178
4742018
4674446
4463628
4574978
4726728
4713654
4658394
6064204
4791660
5106208
5125402
4758114
4662482
4990636
4833558
4792272
4837384
5117938
4818396
5630144
4776642
5125250
4772124
4802908
4750556
4870636
4713790
5758782
5052874
5306664
4947696
4838932
4952332
5161106
4917234
5007912
4825606
4902064
4969698
5430698
5183404
4938722
5629398
5067822
4985608
5153552
5018520
5203694
4789912
5072468
5164204
4806996
5169506
4859538
5281324
4866202
5159824
4828872
4836014
4883648
5104114
4840960
5373348
4923454
4854582
4865478
5315886
4823110
4746540
4894712
5056454
4789072
5258686
4914166
4627306
4522234
4526982
5182122
5398782
4962678
5385378
6141250
5920082
5830968
5978646
6276570
5849040
7407268
5903956
6721374
5567848
5798960
5966796
5769182
6016846
6562300
5862664
6032110
5747150
6685602
5741768
5447518
5241402
5414790
4959068
5144566
5542182
5262060
4882780
5086332
5032294
5318360
4813300
5309794
5424172
5276492
5216904
5172370
5014014
4839220
5044322
5246604
4923672
5548504
5082570
5175194
5215116
5102706
4863648
4824168
5183032
5307870
4868182
4956164
4937802
5223504
4707366
5544496
5209484
5267062
4864224
4789372
4965660
5206460
5120142
5130680
4716786
4990140
4974922
5299954
6967286
6771356
7226446
6419798
6805218
6008940
5112606
5705718
4898954
5618444
5766314
5132264
5239326
5458502
5942378
5420062
5683290
5983940
5477852
5640306
5761892
5570876
5367342
5490178
5286294
5365160
5067728
5340154
5097454
5014600
5372804
5292266
5003038
5742416
5740044
4955814
5778610
5116002
5327180
5181206
5337878
5521242
5189358
5477908
5342762
5481126
5239254
5467558
5031484
4895520
5095676
5186246
5087940
5217844
5353446
5067182
5069804
5216042
4982402
5546132
5372514
5265144
4823430
4950742
4979632
4716814
4995030
5423332
5428464
5365352
4949896
5058816
5505204
5090244
5037242
4982446
5189254
5552138
5048892
5086772
5122616
5203514
4946576
5223946
4817694
4782048
5448098
5390486
5884498
4972168
5161754
5040140
5986180
5814848
5387768
5367610
5699948
5345668
5182948
5111668
5007294
5391240
5929358
5514868
5218566
5598638
6084468
5960496
5981004
5401200
5407162
5361232
5449760
5508878
5295014
5919128
5756068
5219678
4914430
5244582
5347546
5280024
5189134
5138580
4996362
5717424
5301642
5534830
5076916
5428544
4992742
5478660
4907488
5104692
4943500
4872972
4829618
4951668
5218748
5012182
4740754
5103406
5360576
4958456
4968090
5245198
5096818
5388282
5405572
5481576
5053386
5177864
5116798
5166748
5335642
5379274
5041918
5373850
5006020
5205406
5715282
4998520
5369240
4993702
4948048
5343132
5027054
4963200
5002738
5102026
4979066
5036208
5132914
5002242
5192296
5531290
4917470
5463600
5156014
5297108
5313334
5117288
5376604
4993976
5141814
5451112
5073956
5256642
5694616
5133722
5264928
6052034
5087970
4920220
5253308
5363388
5356518
5592206
5255898
5263870
5136864
5418618
5274146
5277762
5083054
5027244
4908714
5662428
5106780
5377946
5331002
4987108
5422916
5383118
4996270
5121286
5188540
5085100
5054884
5187316
4979456
4970474
5003592
5405388
5045948
5545210
5093148
5162488
5404244
5057570
5070338
5153596
4692814
4954624
5022238
5390832
6501324
5854750
5684438
6509608
5826776
6113000
5847992
5785908
5936176
5889462
5994364
5689848
6119534
5454612
6069068
5417158
5314746
5646796
5302700
5816176
5551934
5581936
5496796
5173146
5154774
5124994
5242622
5956912
5434614
5328288
5606050
5040882
5311104
5146662
5840716
5259826
5169004
5078168
5080962
6104422
5340050
5082810
5877650
5326938
4994494
5142920
5144162
5234046
4929940
6084258
5433612
4887290
5189638
5988728
5719292
5162112
5142846
4965408
4826990
5012792
5004044
5098142
4868280
5006832
5236588
5125666
4989592
5152924
5383840
5126730
5040858
5442024
5568286
5216930
5149748
4942800
5053226
5137090
5515750
4963854
4918992
5111722
5353018
5466172
5549844
5024866
4899006
4926420
5225952
5313126
4955546
5205312
5177438
5058966
5150376
5431670
5065672
4922624
5178104
5553814
5404056
5563308
5614290
5355254
5563216
5636400
5298034
5383222
5317128
5722392
5221598
5808872
5262926
5190454
5568610
5684706
5858566
5790384
5757704
5606992
5402376
5611694
5274912
5274442
5429206
5361040
5786080
5538730
5290964
5631508
5503020
5339342
5381014
5595604
5947546
5273006
5524672
5434658
5203118
5583700
5927440
6052684
5420160
5328514
6293306
5817678
5702962
5730274
7014760
5896138
5831480
5551674
5531534
5496742
5560838
5477256
5722162
5530600
5538666
5713006
5833480
5569858
5761454
5431980
5238562
5468536
5221468
6015764
5593664
5429154
5328630
5486392
5677098
5370642
5871708
5260274
5012544
5062798
5385112
5567416
5267960
5182870
5986952
5894450
5183452
5613098
6184312
5401590
5490188
5453680
5803056
5724486
5855592
5656784
6019986
5872798
5519246
5624604
5045508
5953888
5317670
5342576
5557904
5570424
5511668
5822530
5278428
6036712
5472818
5382706
5792418
5417450
5540042
5828456
6458394
5821504
6068382
5511960
5760182
5392502
5721020
5567100
5193998
5808890
5066938
5279492
5324598
5240384
5107192
5391268
5538700
5777526
5177456
5827888
5651908
5969604
5537416
5195856
5447896
6375150
6010826
6395946
5910098
5617020
5631494
5839200
5600584
5850970
5683248
5496502
5778542
5362810
5593926
5750326
5418908
5691262
5859244
5496260
5379312
5013112
5226572
5506314
5389520
5463576
5642702
5234732
5463260
5594922
5752470
5349176
5465648
5284920
5251566
5926076
5584872
5193120
5306346
5827488
5683934
5615314
5739432
5169876
5739390
5450816
5529652
6756736
5970016
5554070
6593528
6922510
6977862
5969392
6256262
6764450
5824384
5612524
5738088
5678918
5431944
5879306
5652716
5700804
6104872
5948000
5908448
5533496
5426270
5340758
5734170
5664944
5613818
5486390
5821408
5717714
5621318
5563448
5709466
5471090
5955170
5836196
5227744
5540080
6091066
5021658
5477340
5251844
5914074
5175494
5709342
5453984
5676046
5414254
5269190
5359040
5528642
5372462
5410630
5312522
5702988
5403418
5278770
5254418
5428664
5312616
5492720
5060722
5474116
5224778
5525384
5911808
5666794
5602256
5673760
5868310
5821750
5562860
5463396
5492442
5877768
5511388
6197272
5494804
5837480
5731904
5605984
5726352
5331990
5724568
5430772
5364672
5393154
5495456
5521726
5470782
5364296
5287400
5470050
5623004
5758332
5738174
6292306
6152802
5906638
6231958
6032126
5813822
5946724
5807640
5459052
5886442
5844580
5380908
5473226
5669490
5407734
5425784
5420874
5547188
5536248
5518970
5581016
5553218
5569724
5139444
5335012
5484208
5706388
5339450
5284106
5170620
5548272
5578388
5648376
5466702
5532712
5181628
5624568
5460652
5507438
6293676
5397030
5708700
5586886
6605492
6194582
6002852
5960264
6599394
5791580
6218174
5584736
6070942
5654004
6079996
6162644
5722042
5768174
5720624
5906136
5768590
6514574
5912840
5603272
5862470
5777524
5562996
6057002
6506894
5542056
5686934
5811846
5737528
5902016
5630678
6542864
5668706
5471708
5846144
5489892
5605038
5598500
5885884
5402144
5220930
5515094
5811722
5844476
5438874
5682500
5428770
5142202
5708690
5246462
5615392
5342062
5368498
5388362
5542570
5494706
6060862
5537658
5460420
5856916
5670338
5648554
5780024
6110430
5471340
6308848
5754912
5336582
5290252
5675982
5677770
5725076
5664796
5477418
5389440
5460236
5475330
5586254
5749978
5327444
5455364
5554546
5664720
5380402
5680492
5734950
5648026
5698656
5703882
5573472
5298240
6422518
5773760
5855196
5802776
6995336
6207346
6337916
5596518
5776064
6396686
6468106
5966516
5773684
6463568
5408620
6176818
5628256
5601760
5819524
6047078
5825144
5968002
5779456
6271818
5856252
5329080
5589944
6379360
5436416
5950830
5593668
6046028
5813262
5550380
5375106
5820830
5515962
5461164
5648818
6005564
5712686
5520280
5676030
5853850
6765866
6144886
6346304
6498656
7487438
7732508
7144780
6590952
6430536
6977960
6696792
6143754
5954168
6070870
5716864
5683910
5918906
5609866
6646926
5736164
6223432
5831858
6441932
6618382
6734930
6737772
6522526
6329216
7094160
6094346
6049564
6433064
6134842
6028624
5976194
5731594
6071858
5632980
5832584
5829210
5847418
5830694
6181544
6226314
5856120
6054566
5961244
5924030
6487628
5955786
5578294
5564304
5553068
5741402
5608612
5504366
5673754
5352408
6040400
5753456
5960316
6377962
5900428
5349754
5542480
5725358
5970906
5706160
6101364
5460230
5544206
6087786
5574840
5512984
5631642
5416366
5884230
5605480
6015674
5833710
5873876
5625014
5709094
5724722
5494788
5487064
5987616
5690002
5835494
5654402
6382528
6478676
5891836
5785882
5799382
6222602
5945688
5755662
6104108
5886754
5876692
7011644
6087856
5888800
5928094
6271432
5973836
5830034
5987396
6379290
5631428
6232926
6601656
6202092
5925526
6039232
6022392
6322212
5902548
5999600
6711786
6555222
5962576
6846336
5937756
5756198
5827338
6568422
6345666
7464702
6624662
6138586
7941426
6815032
6509696
6144270
6918774
5999674
6260330
6003958
6585714
7013278
6285414
6040416
5994882
5826640
6111664
6117458
6398490
6167972
5972544
5614002
5662824
5938310
6337234
5857594
6226306
6199176
5895790
6874058
7130432
5767924
6020844
6348512
6878926
5821880
5743448
5659368
5820436
5720774
5807206
5533512
6260116
5684870
5967130
5771892
5833788
6130528
5498650
5914410
7369112
6110082
6203012
6374632
6111976
7117328
6735326
6236024
6257678
6592692
6605816
6106704
6502840
6650830
6120184
5812326
5891206
6493684
6285538
6131678
6710410
6110596
6479716
6061396
6119200
5915982
6643466
5982794
6004514
5864044
5604562
6018364
5927806
5679546
5985330
5869428
5599614
5902136
6402194
6232214
6175428
6254380
6343706
6258872
6196838
6507736
6263104
6035668
6522900
6650628
6005152
6207700
6181356
6175648
6303160
6187324
6641934
6149432
6352204
6059300
6099842
6353290
6734654
6524422
6182938
7066540
7850096
7454796
6798208
7559228
6530386
7408118
7108126
9116468
7819416
9627492
8776944
8844828
7222426
8027648
7732310
7596602
7118506
7951856
7361590
7259764
7484220
7639486
6828602
6959766
6300086
6177374
6329196
6208866
6353910
6248432
6308658
6068700
5910178
6393988
6385462
6163458
6415056
5942298
6168034
6089686
6508414
5949140
5939948
5989062
5969876
5964210
5925608
6016218
6813598
5711114
5824732
6118272
5629588
6070956
7043362
7188902
5738140
6413040
5967062
5862126
6437032
5998640
6109088
6245052
6424440
5681462
6441432
6134642
6240438
6005202
6316556
5922910
5832454
6571506
6212548
5907610
5980940
6257404
6155654
7067012
6860546
7022432
6105604
6390644
6318560
6658158
7086976
6812908
5899262
6828312
6229366
6323608
6596938
6115458
6437414
6440154
6328984
6378492
6724076
6798542
6505254
6628242
6309826
6287198
6826598
6768536
6890874
6977950
7133808
7097338
6769620
7450508
6769584
6706884
6839140
6732706
6897246
6817938
6831566
6717364
7382296
7415174
7141000
6974124
6598462
6809754
7344874
8137654
6998796
8640942
7226390
7669824
7458896
7600612
7333008
7230858
7481898
6985172
7577084
7483932
7718938
7738678
7422582
7385752
7499920
6556202
7373806
7215090
6716456
7213306
6573900
6471096
6573316
6634398
6896180
6199308
6376686
6745222
6594976
6247132
6515654
6359086
6465992
6459370
6032594
5960226
6044794
6939880
6420962
6091686
6063920
6663146
6197458
6598744
6121340
7395658
6371298
7003548
6440670
7264428
6163704
7019458
7901180
7462200
6939322
6360596
7050286
6597730
6397302
6261320
6463798
6119608
6900194
6671304
6429594
6203808
7016678
6261258
6818924
6505602
6695168
6406260
6745234
6675238
6681128
6253450
6907210
6290066
6413872
6576360
6743642
6329316
6104246
6786554
6229008
5961384
6088678
6418306
6217382
7324094
6073066
6337906
5972862
7390010
6696500
6503966
6167648
6079028
6264322
6579912
6404336
6629400
6207964
6981564
6826814
6891988
6437012
6424862
6653124
7527804
6360498
6380414
7503938
6832936
7361860
6744984
6455120
6482928
6242280
6557568
6926128
6653434
6559146
7206742
6761132
6389590
6334714
6618860
6558684
6315208
7251622
6199918
6454832
6409412
6354516
6202502
6491368
6278308
6595988
6324362
6614506
6343662
7127196
6713000
7031924
6020012
7133910
6586432
6896890
6662852
6532478
6995710
6871340
6582158
6534162
7474142
6969400
7637312
6326042
6711100
6573294
6749866
6715664
7255338
7453932
7625694
7006896
7096586
7315302
7018562
7221772
7883410
7406716
6711086
8067198
6814586
6734330
6863616
7190234
6774610
6139872
6836890
6416068
6926824
6569346
6451372
6670230
6470922
6686602
6659610
6971774
7274464
6900648
6907192
6521840
6464866
6364528
6361792
7348188
7004118
6808926
6642664
7132590
6560772
7291100
6375810
7189606
6329588
6764440
6857954
6887160
7107038
6544598
7286054
6575810
6930100
6436094
6328790
6951370
6555700
6906828
7006678
7045926
6897908
7189338
6475966
6738522
7462956
6605012
6788954
7039302
6683364
6457764
6543184
7365090
6782900
6913864
6601246
6440082
6560178
7450202
6957092
6963938
6557662
6373810
7108568
6909690
6440456
6643196
6181986
6594438
6380310
6762222
6272682
6430628
6342782
6524460
6278708
6877500
6778330
6873194
6713456
6790956
6680030
6684494
6574194
6735612
6596474
6655224
6994246
7011418
6754204
6732782
6968528
7011702
7669970
6897264
6463864
6966664
6458350
6746844
6647554
7057040
6518694
6415500
6443122
6331392
7572894
6840422
6562220
6642566
6818240
6321820
6617494
6562970
7099980
6622688
6812436
7220918
6871634
6938214
6857220
7031052
6738556
6645610
7055004
7304596
7230324
7050132
6944078
6906114
6494040
6531492
6707476
6484472
6449300
7315242
6148466
6742852
6873356
6384792
6719458
6553404
6124910
6343298
6310086
7522838
6688564
6404068
6630176
7090944
7187182
6723204
6353940
7152106
6299854
6532754
6816702
7289208
9073010
6597080
6535422
7833674
6888128
6593146
6545122
7017698
6469294
7261416
6713808
7587446
6797242
7166210
6924806
7186864
6443908
6749724
6405944
6637626
7096738
7128632
6514262
6376276
6687800
6719156
7272984
6715296
6447002
6412980
7099498
6539866
6862220
6544542
6772198
6842442
7427718
6679544
6488922
6931608
6626128
6244030
6205798
6497984
6156970
6570490
6408718
6251886
6998584
6365676
6758742
6489486
6322378
6567196
7031708
7087312
6036544
6250940
6151352
6908148
6512634
6774330
6352832
6438204
6032732
6915454
6193124
6743860
6107418
6574624
6714074
6815908
6686996
6513650
6975620
6773204
6872474
6386274
6175292
6595142
7006884
6686196
7215876
6629874
7532552
6555932
6766490
6714276
6791984
6423430
7041478
7641126
7054976
7111564
6693244
6861508
6824298
6733236
6514828
7336874
7060306
6777884
6754022
6934540
6336100
7102094
6874788
7480270
7834272
6736350
6855128
6885390
6610572
6635006
6683002
7856998
7710938
6804228
7837678
7550414
6990144
7084088
6800746
6958764
7187958
6461664
6661670
7720866
6911040
7220358
6879946
6929936
6265682
6544776
6719114
7166642
7254868
6988684
6928298
6647912
7433526
6522256
6734268
7729908
6699282
6951182
6679912
6922556
6878370
6519108
6587912
6803062
6889384
6646868
7394662
7046918
6355088
6242168
6593710
6206768
6547656
6701154
6373070
6682838
6212190
6583066
7016366
6617606
6846908
7085032
7287290
7040738
7087010
7167230
6934026
6324294
6163292
6540344
6813366
6318350
6422530
6644450
6556148
6791234
6791044
7074692
6965596
6752990
7162138
6569978
6773906
6927288
7696198
6744452
6766318
6433244
6478542
7043118
6634524
7751040
6597520
6511202
7013178
7287506
6897604
7222618
6787932
6957732
6919536
6732490
7568372
7428924
6574402
7089906
7082446
6524572
6831918
6990824
7314734
6485550
6857922
7241138
6475652
6510200
7233958
6795400
6462558
7055846
6526504
7301268
8371906
7038614
8020806
7822250
7167904
7153786
7774914
6989848
7166772
6891564
6808136
7139824
6657886
6916660
7029796
7183196
6795774
6949538
7457800
6803818
7437124
6767852
6696846
6815728
6769368
6821998
7458446
7124654
6896906
7997900
6575752
6753480
7956914
6781366
6601948
6448528
6573364
6900598
6542724
7131588
6542332
6922976
6764008
6676100
7076760
6557478
6936760
6370834
6359362
6649774
6793524
6638436
6442504
6920106
6411372
6745700
6964528
7048714
6545396
6629712
6868262
6973278
6830848
7244540
7598064
6519614
7055418
6179866
6839508
7043518
7433894
7002404
6514250
6708402
6854548
7016916
7644222
7201242
6590864
6792868
7236208
6670752
7403034
7431962
6838016
6722546
7289804
6887954
7208922
7074720
6770466
6917882
6920826
6866880
7011572
6777852
7332114
6545784
6748016
7159610
6687212
6760596
7133724
6867474
6847598
6408446
6729256
6520548
6884428
6570918
6807464
6397210
8602022
7381586
7241678
7954380
7689648
7669978
6920190
7618382
7355836
6938596
7413522
7059608
7227740
7245556
7219424
7570958
6927264
7319138
6752708
7160012
7485152
6937180
8183200
7875706
7452580
7518578
7567368
7654280
7506870
7791996
8423634
7889646
8372838
7945708
7827704
8131044
8026838
8406480
8311748
7501812
7919806
7532736
7642918
7438218
7675606
7315856
7775882
7566506
7811750
8190638
7967608
8159892
7860522
7432546
7453148
7179496
7652790
8275300
8609840
8085930
8686410
8070322
7623666
8459842
9484950
8814592
8105288
8347324
7928658
7515808
7473332
8416892
7995966
9275964
8837376
7474646
8471400
8582200
7408772
8047508
8394314
8015536
8071856
7602718
8278714
7887792
8022360
7591888
7665068
7881562
7801442
7333174
8805502
8265376
8829880
8644124
8471230
7783364
7973172
7786924
8367286
9041208
8304490
8421796
8066834
8610640
8457310
8978270
7932316
8138518
8721666
8346852
7916402
8315480
8362022
7685278
7826886
7334596
7790578
8059168
7655586
7616244
7846756
7630956
7031960
7609776
7169144
7778530
7321966
6824088
6822524
7065650
6899364
7114124
7439498
6725786
7127550
7296398
7517542
7066644
7584342
6656872
7199368
7082172
6906686
7584378
8058530
7139788
7180054
7912214
7005710
7279462
7336214
7708030
7212728
7713472
6996376
6721988
7547338
7664168
7120262
7014400
7182000
7773066
7531724
7024454
7024932
6907408
7317186
6912724
7188250
7763242
8043544
10015010
10712646
7745308
7575036
8044386
7749170
7567574
7166630
7428512
7161144
7493438
7376264
7032690
7130830
7045398
6972628
7576422
7266462
7336698
7230556
7196838
6909278
8361224
7409364
7185720
7785194
6641978
7647696
9299142
7672200
9157432
7858662
7838632
7619520
7551286
7533310
7353846
7756362
7839650
7242556
7400358
7403366
6940310
7117734
7484466
7189284
7886702
7064606
6894582
7210608
6949488
6830710
6999558
6981568
7243904
7538958
7349002
7914158
7727682
7620866
7966156
6681998
7437424
6629898
7282696
7149044
6878810
6876424
6805718
7260740
6785060
6949526
6624696
7440984
6576778
6849018
7767012
7622704
6751690
7270316
7217962
7060590
6907236
7695350
7180942
6897662
6678224
7170156
7167454
6997524
6770444
6982482
7429232
7200812
6850758
6846554
6966108
7009184
6935374
7983292
7114512
7630912
7950024
7290818
8044120
8146508
7163068
7560468
7393360
7040826
7864144
7291532
6964462
7222350
7396620
7407348
7137256
7289742
7614034
7242232
7005872
7451334
7226740
7331924
7408058
6894064
7464862
6754536
8444760
6924544
7213266
7317506
7433822
7307482
8830106
7722710
9452052
8741134
7965870
8783422
7808188
7933024
8228496
7442452
7566754
7479764
7547568
7543954
7311394
7254914
7139854
7478190
8376824
7837324
8483980
7408190
9175330
7870604
7345514
9055524
7938656
7502338
7139500
7907890
7409662
7720096
8208250
7618698
7497390
7688906
7853504
7611300
7654214
7049474
7235694
7203342
8374718
7627154
8109088
8058060
7526676
7762568
7628412
8210514
7947306
7648272
8913602
8550640
7468972
7754688
7783962
8515084
7296222
8298470
7397838
7404722
8137498
7800114
8964720
8142502
7664712
8160074
7733684
8173648
7857354
9332740
8184386
8528516
8862554
8188728
8176418
8440756
8806168
8399552
8690342
8285076
8790780
8286994
8350460
8219710
8728790
8401856
8215108
8203918
9011500
8256796
9138156
8861770
8810080
8862764
8214682
8406542
8417470
8920082
8655374
11393450
9529418
8674634
8279042
8923036
9354800
9487956
8989158
8885254
8375072
8514866
8805728
8536582
7869688
8283130
8176802
7974810
8193612
8766742
7636406
8490040
8042078
8252922
8710820
8211722
8367186
8335094
8434094
9101346
8179054
7895090
7179312
8508124
7415406
7947526
8284726
7522112
8517274
7402564
7780678
7631048
7382012
7203874
7281842
8011418
7405500
7763090
7614194
7661822
7476060
7722822
7224498
7719294
7683350
7672668
8116540
7103604
8771746
8688386
8347344
8212084
7548932
8451816
8095708
7720106
7807032
8290122
8364570
8176232
8090306
9468560
8460620
8485392
8937054
9220876
8577170
8571358
8273076
8840068
8381508
8294182
8202786
8203060
8222484
8443834
8669958
7829040
8395156
8475544
8149448
8030296
8731672
8328686
8312476
8812042
8283780
8553898
8017778
8140026
8012400
8368378
7881582
8193494
7707380
7183320
7675822
7844116
7239638
7807414
7817524
8692848
8141218
8064224
7940176
8266208
8250470
8141268
7928954
7675386
8516806
8291266
8363706
8033296
8553974
8265374
8240102
8296802
8516990
8159720
8820836
8482068
8785956
8184172
8038972
8993806
8392424
8287128
8012002
8250482
8438620
7972954
8713850
8862632
8555082
8411750
8219444
7992856
8177054
7927504
8114054
8763148
9099484
8791498
8885828
8974778
9476288
8340020
7994812
8992906
8358702
8474954
8378176
8296848
8868970
9559692
8290370
8159980
7993804
8655076
8187596
8347510
8587368
8847734
8255942
8538046
8427772
8126730
8669464
8675200
7945056
8662186
8067000
8022832
10478228
8609106
9788596
8884048
8771396
9427624
8804066
8330736
9634238
9340454
9357916
8664186
9395508
9937172
8429954
8779554
9963738
8636092
8511586
8811574
8855612
8597002
8572182
9229804
8782008
8274342
8222338
7595754
8174080
8026644
8605046
8340990
8301688
8269712
8389082
7781086
7984862
8050030
7739550
8416132
8552238
8636900
7957250
7851240
7882034
7572166
7909352
8021660
8794296
8770140
8419808
7914144
8378836
7937478
8415698
8709224
8166480
9211106
7900640
8293814
8666016
7853376
8379620
8365360
8110654
7530932
7427734
8025760
7542226
7833384
9360874
7848802
7873780
8139114
8149994
7685052
7452060
7698592
7891724
7799826
8316794
7513268
7880494
7652330
8014596
7695622
8703048
8897938
8045582
8926138
8261744
8013874
7640990
9716410
8216692
10130420
9080254
8305228
8583694
9277726
8565342
7541842
7601344
7779350
8212502
8324298
7788218
7761644
7858930
7665596
8312214
7708030
7362838
8081552
7841356
7437688
8506350
7676056
8204766
7480934
7902626
7950216
7683370
8062022
8451744
8102642
7163410
7526684
7832894
7574500
7590810
8381676
7481632
8112450
7969264
8726106
8760424
8498378
8779446
8292762
8347072
8700386
7847670
7458440
7551462
7683034
8000352
7516152
7812864
7740748
8061328
7654712
8166400
7829966
7527856
7884736
8880198
8045086
7245460
7839884
8075508
7834030
8044934
8338704
7796380
8458880
7923538
8605908
8207788
7700206
7688510
8348946
8049528
8418624
7832560
7594222
8172978
7708436
7781960
7580768
7996956
7438466
8159588
8193010
7697152
8092702
9155738
9422368
8391276
8599764
8375538
8889380
8275308
8475714
8072190
8130906
8062750
8251114
8734542
8015522
7937144
7480782
7798780
8147080
8273392
7915644
8346684
7340018
8045262
7929474
7140418
8126350
7623182
7791002
8167020
8263992
7730936
8354974
7629934
7827400
8226012
7680430
7995754
8292174
8872230
8274764
7751636
8433084
8030552
7786592
9004338
7698386
7955664
7855566
8194486
7978228
9007370
8443414
8268466
7552194
10300880
9011666
8858574
8173228
9709728
10007116
9670178
11211084
8923832
13315922
9484076
10704152
11105364
12474942
9880634
9630832
9838154
9691998
13617590
9133166
11278472
8998988
8895974
12270046
9275044
12181690
9354534
10043758
10318724
9277794
14604146
9781268
11827892
9474024
10330048
10811406
9620662
10956482
10118732
13668282
8846502
13858830
9800066
10754968
10098516
9872358
13675928
9346908
11204790
9421952
9032980
10786708
8973918
15704850
9040476
11906018
10464606
9478426
10097898
8893144
13047536
10025346
11023756
9497130
8916240
12938058
8762948
11145748
9121242
9262488
12377296
9451360
13525888
10172414
12983854
9573666
9763516
9530500
9220722
13718122
9233684
12861492
9461384
10362348
10802648
9333088
11544654
9633002
14662872
9414592
10648162
9463130
10121362
11285294
9795302
15774514
9944144
12105744
9409210
10238072
9663050
9331318
12898372
9064574
11239496
9775844
9261218
10312926
9232524
12189540
9496160
10297412
25087138
12203524
19985186
15101036
10749732
11223734
9765794
9540062
12940322
8920076
13099614
9081194
11787502
9702802
10615524
9626710
10942206
13945316
9514664
16171556
9196058
13424074
9789498
10257844
9256332
10037308
11365456
9343930
13433784
9701670
15577768
9204028
12256954
10558776
9559512
10590570
9923486
9919484
9757462
14719134
9516350
16387756
12699432
9027530
9424760
9886280
10536664
10139210
12667818
9039842
10568248
10135942
11700700
12443334
13233108
17845818
10865596
9943216
11487162
10562898
10088390
9853770
14987504
9363766
17745056
9875744
15396734
9679398
14757774
9953428
11822432
10379272
10200908
10310360
11909304
12140104
11037790
16404538
18683852
9820482
14409814
10584564
12905990
9897912
10715310
10549282
12125300
9831292
11041368
9781472
11517664
9626830
13311132
9316150
10212576
11186782
9548656
13351846
9816934
12459034
9722640
10908132
9892542
9936474
12681092
9967348
12414410
10046374
11400890
9932558
12626714
10317132
10468688
9968266
9587848
12316942
10231246
12495976
10049970
11093332
9795522
9502636
11509836
9825408
12424890
9953454
9888696
9688090
9600356
14778152
10103850
12307074
10423908
10005358
9144800
11574048
9552760
9578040
11365848
9512398
11401268
9474732
9257014
14534814
9647014
13070004
9308228
10441236
9494490
9806246
11807524
9996736
9579612
9529984
10024730
12676308
9291974
10393684
10158032
9379444
11341882
9349084
10225320
9640748
9596280
11881982
9892802
11220842
9247384
10411340
10582048
9514972
11767880
9964016
10293234
10299666
9535758
11622032
10686418
11762418
9729716
11130618
10298680
9942942
11009800
10632884
12702632
9703886
9852034
10889804
9572182
11341144
9376864
9646216
11131144
23381392
24513904
25945426
20095604
20791250
12553752
11748770
11503106
10066304
10583022
17550458
11690368
21543286
17136648
17547526
13763374
15377882
24426484
13755914
18274432
15542996
13634026
19020310
20439720
31462720
25089108
14246028
14475790
19387596
16653088
10765134
10458034
12493076
11174748
16710248
10871226
10595526
9891478
12303326
10060368
12996674
10076164
11093580
12235534
11842204
10223412
10304700
12215402
10264708
11931712
9537224
12431648
10106496
10764942
9592840
9879706
9481666
10219986
9542552
9424936
9732954
8641270
9500496
8170660
9114460
8929170
9382088
8924426
10032652
8343012
9117430
8683838
8388640
11254656
9835744
10399236
10830896
9450680
9368826
10235258
9075558
9365478
8751846
9205674
8962360
8754886
9338330
9261710
8806792
8681142
8756002
8470616
9146064
9208308
8394904
9662108
8449656
8666136
8408806
8479014
8288926
8761094
8287534
8223806
8165970
8874430
9681484
9414674
8646198
9099680
9564190
8387792
9182304
9150560
8529064
8500934
8414584
8829102
8643502
8964172
9059602
8067680
8276426
8401568
8142598
9217652
8050960
8489146
11697518
18723034
13395734
13056432
26219176
10077570
14515630
10349846
11922180
10093662
9844746
9414660
10586100
9376084
10558982
9446906
10095844
10103142
10200446
9358474
8707858
11092826
10515622
10889708
10377046
9299448
11333662
9376002
10715052
9912826
9442374
10084310
9340554
10627956
9574996
9288684
12121636
10482342
10081230
10174954
9870740
10223196
9647946
9540160
9747020
8829924
9133340
9504140
8976948
9517966
8882500
8709678
9033686
8821902
8638236
8374084
8951578
8736658
8633384
8508878
9167932
9439348
8746708
8748944
8887368
8400206
8224480
9997488
8523022
8385188
8943892
8583450
9158932
9452108
8882944
9432396
9581328
8864878
8938060
8595512
8648464
9093954
9370994
9263174
9361340
9046808
8517688
9382964
8995674
8980894
11756220
10456628
9767980
9218066
9497830
9663404
9141426
9782960
9079142
8810688
11151666
9675924
10213438
9802154
9822964
9963786
9283466
10221410
10458454
10158736
9156414
8844384
8494424
8819860
9495170
8517842
9007896
8478128
8834054
8670256
8394882
15998322
11630188
10725082
10739194
10078028
11493464
10053208
9326302
8648688
9069040
8706986
8894264
8588666
9332566
8763106
9879220
8952544
9610190
11244432
17190628
10942224
10099024
10009900
11735738
10545366
11009880
9928342
12999478
10703494
10975806
10523616
10048928
12056450
12555294
19973062
14821570
13085518
9497292
10499208
10596878
11226618
15787454
13182120
16391450
11460676
17432684
23801280
25087386
19818180
24137138
15788894
12164956
20985586
15860112
16328496
18194050
14055612
14487564
13620774
13731274
16156674
14171070
16503126
12385702
13189012
15281016
10013080
10096452
9821190
9993192
10476140
12606302
10481604
10562322
16631476
13135806
11388934
12749570
11786210
17162944
10063278
16610818
13425668
14911462
15440514
11383078
13084320
11930472
11802950
15198940
11171390
14313462
22335310
11966508
10873810
10930256
14116336
10712498
11038614
11596522
10617512
10366866
13084392
10842902
11351552
12176548
10641390
14748914
12713960
12778024
17506448
19000602
14039042
10981950
10935498
11889324
19178704
20408806
16699236
12848376
12958528
12143000
12760736
12759060
12382486
21279176
14297350
12255968
13463352
14163914
13650900
19058732
14070208
19973644
16398856
14506118
16763172
23437670
12809048
15125950
13282768
15265952
11710204
11822826
21127720
25013470
16549058
12644612
10681806
17217350
18074014
14841668
11551484
10036092
10742132
13872058
12859158
10242616
13384272
11371132
11435766
12607196
12019110
10290404
10291402
11118890
9974364
12002388
14232198
16694312
14049592
15046048
14673562
14953048
16234052
11262608
12129374
14903838
15878652
17275706
10429704
11844086
11410880
16435160
14715896
19603572
12218776
12327134
12790940
12714710
12084700
10183818
10149506
10972422
10855476
10818956
9521880
9248084
9191862
9459848
8653868
9114344
8765742
9033638
9246266
8554028
9592348
8575654
9462072
8272942
8801196
8398318
9150340
10455720
9558476
9388440
9099976
8220050
8600898
8760312
8609082
8814832
9475698
8379914
8290794
8501030
9696840
8788114
8295980
8288820
8351662
8434300
8433094
8790644
8617208
8602208
9060202
8952280
9475094
8131726
8977636
8585048
9226672
9160746
9144558
8865842
8766302
8380400
8708438
9295262
8817818
9369676
9500742
9969902
9179310
9431942
10154570
8849376
9440650
9046330
8833410
8907042
8693852
9095456
8844256
8840542
8865400
9088530
8697422
8768524
9621790
8496260
8727848
8962088
8344882
8638828
8945696
8429506
8948088
8718764
9814406
8699358
9171200
8351630
8721752
10027164
9816384
8597174
8326618
10524440
8988036
9544106
8883294
9175366
9718992
9139360
9238706
8929614
8706884
10046808
9582022
9013882
8749604
9889670
8792758
8934756
8548670
8941134
8644052
8762316
8888204
8674016
9246802
8680934
8787488
9081518
8833954
8607772
8604834
8600884
8487466
8845204
9178876
8509956
8924490
8669980
9243670
8994264
8224572
8371602
8377946
8710852
8874930
9012216
8646822
9279918
8577576
9792316
9231734
8561814
10117598
10099524
9717408
9067972
8912346
9182224
10179556
9788022
8774874
9140018
8933858
8691566
9288594
8817172
8149534
8937976
8284900
8947906
10548854
8737104
8835004
9155962
8655986
8817222
8672036
8418770
9494444
8416714
9458508
9068586
9345466
8831944
9073278
8989824
9029666
9153378
8947686
8952996
8716074
8567666
9172704
8967734
8742590
9013558
9155418
8684578
8796906
8562272
8396132
9193094
9071238
8928412
9055648
8685370
9646696
9210136
9051868
8709654
8499198
9251592
8673436
9396240
8740342
9067246
8701716
8416844
9065462
8938980
8847356
9079242
8544420
9586072
8711046
8838012
8628662
8692520
8981564
9420392
8399382
8654474
9159972
8531682
8401758
9660798
8995014
8921732
9641560
8467742
10451974
9197740
8928804
9129306
9295742
9136734
9046934
9714026
9841576
8859314
8974596
10348436
8792786
9261876
8684526
9267646
9121842
9375818
9105272
10088048
8684898
9603644
8952894
8915672
8794956
8368640
9020948
9137780
10087182
8865786
9647118
8759118
9710854
9149218
8851656
8815896
9012378
8966360
8899072
8355374
9672588
9291094
9580148
8441940
9845724
8859652
8226552
8933852
8686482
9612892
8818334
10049962
8699566
8629640
9919722
8883814
9879878
8645836
9235832
8880904
9421934
9479046
8920394
9284002
8542348
8504712
8692546
8484930
8400466
8800670
9224368
9623204
9037536
8595748
9404110
8817524
8787108
8913994
9436940
9418686
8621626
9233724
9272900
8969084
9526886
8657668
9143628
