27208
7400
7834
7910
8670
9674
10150
10946
11150
11840
12844
13566
13614
13882
14976
15434
17012
16788
17948
19058
18964
19542
20638
21632
22170
23034
24628
24580
25444
25070
27068
27900
28158
29028
31286
31482
30278
31016
33316
33592
32878
34192
35400
35376
36384
68598
40608
38180
37802
38716
43194
41436
40372
45594
43262
45266
50526
44566
45830
49554
46374
51498
50360
53738
50160
54644
59890
53192
56592
54776
59650
60910
61870
58922
62582
62654
67020
64296
67898
65180
66840
68494
71146
70302
73278
74600
73776
74660
74002
74158
79046
80782
75894
78478
80852
81102
131788
94424
100622
96492
102282
117004
99756
101416
103108
100398
103228
111232
104524
107794
146226
102846
85322
90970
92528
90870
87534
99718
98476
97716
102108
104000
103810
104724
132440
102392
107544
107626
105886
105824
107664
107598
108574
106330
111016
111214
110204
115812
137632
142066
110218
111074
120570
116020
115356
116994
120314
123054
117614
119146
119586
123158
123982
149596
118144
117742
119320
122696
124476
122756
124512
125870
135682
121922
119704
177514
135362
156116
164454
118472
122942
122280
122754
122430
152524
178000
151394
136978
136934
133756
134822
133172
138420
139950
135638
135338
139888
138070
157654
175322
140574
141016
139130
144072
141848
142176
139248
139740
140828
172314
139806
139150
141784
140870
138954
142608
143456
152028
143070
145874
149170
172842
141008
143156
148206
142928
144500
144770
145484
145900
149530
156520
154824
182202
146552
148418
154800
150706
154646
154144
154660
156316
155464
166358
151966
160208
159894
157208
163522
164724
162322
163696
168508
163912
164224
166002
166604
170396
167742
164702
170514
172358
167568
171650
173670
175218
172270
171754
172516
179970
170568
177022
175736
176256
174050
177844
177690
179874
178474
179664
181724
184584
190576
191800
184196
185644
188112
188196
185978
193100
183124
189176
189412
190406
191144
195070
194260
192946
193530
198508
194078
204132
224808
197166
194142
190638
192454
195832
196418
199546
197190
198002
217758
203722
212890
203828
220680
207318
207112
208822
208422
212910
221672
207012
208446
208094
214018
213074
228830
215922
250290
292462
306430
272568
242002
221702
217682
219690
221784
224010
230636
234106
226594
229120
230600
229594
252686
231282
235592
238044
233042
237120
247456
238056
232790
233822
236142
241888
237704
240200
252488
239888
246632
242036
244630
242770
247088
248192
257692
245198
247260
254938
248164
254594
289930
254104
264774
272830
255234
261194
262554
292468
252488
256704
255392
267704
252808
255456
257352
255104
256870
259404
256846
264876
259426
262972
262044
261626
264060
268954
274378
268084
262654
268874
267820
272408
267410
268464
274242
273816
275404
273790
279930
275888
275896
276058
279112
286008
280518
277690
277810
280406
281466
284594
282618
311568
280860
285080
291968
289418
283990
289344
288940
301162
291062
289362
293206
292474
301594
295054
307640
302032
308318
324136
300098
304392
303250
311050
313158
441764
299896
302624
306260
307134
306650
322152
309258
309926
306928
306086
311560
309612
389906
318606
314040
313830
311774
319448
316938
327996
321094
325784
323830
321326
323832
325530
335306
326304
324910
325874
329914
325674
328678
340350
326402
329556
326922
336834
332094
377894
333940
335188
337836
338740
335380
341062
350252
337674
343600
347206
342276
347010
340808
362092
353906
349738
353484
347986
350838
375818
354004
354818
367596
354710
354244
367236
353994
364468
355236
365956
361708
359072
373632
365670
359552
366140
366124
363866
377312
372760
364356
417044
369376
374344
382496
372260
379372
378174
376698
381492
389716
379190
379568
380624
381200
380742
380004
385132
380286
398706
383758
386740
387828
398478
388946
389268
389348
396554
389962
390932
393696
395544
393940
397598
465304
397020
397174
429210
406948
406108
417992
406104
407988
406642
406626
413624
420970
406790
409336
411328
405630
408480
427954
413700
417234
421736
412108
426738
413474
416208
417346
419872
421722
429552
421544
424932
420738
449292
408336
431260
414496
479136
406896
409370
416572
410834
411262
411234
411790
408288
411172
410210
409952
417864
411072
429648
417920
422588
420786
419434
435568
422682
424490
469540
450656
453252
442890
484120
432322
442328
458470
472654
446024
441252
441534
474198
466090
456276
445868
476610
456864
515352
478708
512986
505568
476626
489710
489908
501602
487380
481850
497616
485030
483714
521278
488176
528986
520412
557360
512282
529032
544772
507660
498506
505626
506412
510272
499788
501984
501562
506378
508896
512936
504048
525576
513964
505314
513154
512122
509936
529318
514924
515136
511016
513272
531634
516014
544350
517690
517204
524632
517464
516746
587826
525184
532274
533144
723712
554314
564506
540620
535222
562958
533408
543750
537074
577402
542828
598322
560298
554238
583552
544178
555840
551550
543462
553822
553980
540566
543612
560624
548690
555074
569982
551876
555972
562318
552606
559170
554460
559762
554450
559932
562944
559552
597200
563314
562146
559620
567438
564160
564294
567290
570172
582336
570610
569408
569366
580514
667218
579892
581742
616018
562606
562748
589622
548186
550704
566308
553406
577790
572138
567586
559524
566988
579406
559352
566506
568820
573326
575768
561038
567362
582444
563758
569412
565440
632652
569752
574770
574988
594416
574116
571372
600100
574218
560602
561632
564398
574340
568884
562316
582716
601830
567416
571860
572086
570666
570654
566608
569382
575928
581802
573162
570460
577506
657334
735058
567954
593448
662864
612972
568144
621614
681066
560002
584150
562452
557366
563804
561984
571422
556210
563602
567494
580944
567686
567912
598764
583192
571646
572410
574160
577242
570584
573518
573984
581270
579862
576164
576974
602900
577532
580450
647632
591378
582182
580278
579944
602694
583626
584166
588476
644318
598486
663872
650236
641114
718370
594990
665258
598880
600556
600810
703802
614396
614520
630156
649078
631698
633136
638040
669084
624258
622754
663110
612146
606990
612334
618766
609588
607446
611850
622960
615812
612644
625788
643658
623804
622846
628030
626078
624372
620452
632428
623326
622272
624230
703462
625368
628488
689698
660866
628634
629816
648572
662522
653626
647982
675306
652902
651624
694916
635558
637340
626784
633232
653146
635934
662458
660174
644632
639038
649246
643512
641394
645262
654214
644146
651490
659128
691996
651220
646198
662598
652320
663290
677164
641694
638600
657554
670802
672418
659502
661926
661376
659808
664042
674284
680892
848402
690828
789450
685134
691816
791284
677744
677482
686498
675040
681786
676594
718346
678102
677026
691470
680098
687062
682344
705632
683514
683466
695952
694962
688978
688964
690212
689094
689762
703666
767510
692626
708620
703346
696320
706944
706306
700524
706340
730386
775328
845866
892944
756436
721102
726568
733742
726126
724920
741304
727804
724308
770126
710700
713922
720602
716146
718098
715836
722066
720890
722754
745188
722040
723424
735446
731126
733690
742382
732978
733290
734840
751578
738662
813618
740212
739766
738340
745174
736136
737744
877526
740378
746364
802578
762354
780334
741738
747304
746528
746116
755210
745906
756432
759734
762612
749854
770152
754234
757544
783530
753472
782946
823942
760394
778450
838744
813034
831694
884890
806786
810640
884554
832826
823132
821814
958152
866082
868938
858596
888244
875736
878194
873696
901538
884148
875712
876566
865440
850466
977808
1206178
884800
909634
915740
890376
892688
902322
914706
860360
900944
878752
910528
873552
858858
867182
948824
902298
1010620
918268
902012
897008
894320
930810
901334
895930
916168
896230
903184
920356
901518
931238
923480
907382
911986
922746
937146
891232
931474
862134
866604
876488
864172
859832
875112
872794
944942
871960
875222
987236
874226
943366
896322
875232
911366
952088
931018
955688
912540
929802
885246
910952
897810
887568
904418
899204
899118
906862
919442
900466
916402
903470
931720
904330
876686
880230
889696
889318
910882
860192
902118
892332
1154256
934950
1066800
912990
918290
923980
916204
918366
962584
943644
951612
960508
962958
929584
934348
910108
924012
883442
880636
884392
878004
875104
884520
963894
875924
916332
904320
905554
926652
1015806
1272838
976494
964618
938718
965742
967682
973358
975328
967326
977828
970972
976310
981440
975050
1008520
947394
958706
969980
931000
929584
947384
963696
909338
916984
913252
978812
908588
997076
955326
937896
994254
1259334
959272
917486
937362
911972
981508
922882
922726
924894
923752
920018
931036
948920
930418
925444
923614
942254
934604
935072
944596
950336
954476
935556
939004
948804
943946
938168
965838
949946
1065970
1082924
1026722
1023152
1079902
1007752
992278
981404
1015084
961746
958316
964456
1046882
995366
994972
992886
972156
967532
972226
1000786
977394
993060
1061662
975748
995862
984942
1029038
1097882
1172010
1086072
1060628
1045908
1044240
1047902
1049292
1039996
1082014
1079804
1101018
1061200
1021230
1041500
1003140
990262
1003976
1000942
1001710
1014116
1003282
1013650
1026566
1108004
1055322
1037616
1107548
1012948
1006380
1027688
1029660
1018082
1013146
1039304
1049248
1046030
1030898
1026264
1016250
1028916
1021860
1030206
1021528
1013242
1078908
1031418
1029226
1019176
1037886
1042094
1030662
1041700
1029776
1032964
1077630
1237022
1102348
1192824
1045778
1131706
1040406
1050656
1038504
1032820
1052552
1044482
1056626
1045898
1046838
1069032
1056780
1058382
1055602
1053290
1062174
1127572
1075350
1059078
1058074
1068460
1066050
1149658
1191932
1225104
1095662
1094330
1197782
1126122
1143258
1157664
1122860
1081890
1078742
1087466
1149860
1144622
1078436
1076114
1091434
1082346
1135050
1115534
1142308
1129308
1088740
1164012
1114784
1181332
1186624
1139946
1131392
1117908
1144608
1098276
1137658
1104294
1101102
1117260
1107204
1115808
1133572
1123872
1119332
1116492
1123454
1126312
1132606
1136106
1136822
1123708
1133476
1121758
1119486
1237516
1268690
1191670
1241946
1146438
1134204
1161026
1131004
1133016
1144936
1137524
1150700
1141270
1140552
1141794
1142374
1154808
1143528
1165264
1220316
1161986
1146116
1160990
1154884
1161886
1381092
1232784
1260088
1192470
1241302
1195610
1249242
1237656
1189674
1168742
1168914
1166340
1155664
1168504
1160436
1200604
1216662
1196382
1204448
1205560
1231224
1174338
1314564
1252014
1258948
1227242
1221858
1239966
1218534
1258910
1188644
1194998
1182940
1212256
1207416
1197604
1204006
1190386
1206796
1206850
1211482
1197670
1215412
1200736
1215502
1212742
1206198
1235756
1241756
1435302
1234608
1249748
1383924
1269082
1218676
1226498
1238316
1217184
1232028
1239906
1231648
1217604
1238968
1233574
1240106
1230794
1315020
1250470
1244468
1226738
1249214
1346300
1365444
1290642
1285282
1313022
1250166
1256710
1250908
1310022
1296002
1261070
1250664
1277252
1252970
1270278
1255314
1302280
1309080
1291572
1316022
1336354
1285502
1322182
1351478
1279998
1287370
1282784
1291116
1288076
1296340
1273832
1281240
1274508
1288382
1301934
1302450
1290086
1304340
1285272
1314668
1290468
1300494
1292048
1304596
1321436
1346628
1334348
1317014
1325618
1313440
1370622
1338340
1374876
1303864
1313588
1343408
1320050
1309080
1315412
1300800
1328802
1309686
1320742
1314630
1330064
1339210
1390328
1327702
1334596
1361018
1464386
1324382
1649110
1461466
1416400
1442736
1417674
1404832
1405902
1399328
1400668
1369238
1362338
1339278
1340652
1353664
1341348
1471926
1370944
1413592
1460684
1487828
1465496
1493956
1423154
1458790
1428346
1471308
1471136
1513664
1510970
1491550
1478290
1550002
1549834
1540724
1546376
1533318
1551540
1541026
1540528
1561630
1543744
1551280
1544642
1573184
1545590
1573072
1543148
1558550
1550772
1585372
1591282
1556428
1585504
1562470
1981214
1593884
1589204
1582326
1574542
1585446
1563726
1571678
1585612
1572470
1573064
1570848
1586300
1572784
1567352
1592696
1709260
1661304
1594230
1592014
1628044
1606846
1588170
1600688
1596440
1620540
1594956
1715842
1655330
1616546
1600754
1595296
1669564
1606922
1654098
1618178
1609304
1620528
1683788
1649812
1695118
1626140
1617736
1603272
1611616
1611826
1729314
1615738
1612654
1616242
1638718
1742086
1669814
1981602
1711392
1629890
1637116
1626048
1636036
1635496
1630076
1636344
1639746
1633764
1627758
1635928
1643280
1708066
1733490
1766786
2000740
1670716
1673316
1686910
1647272
1661432
1655304
1652622
1654012
1655778
1651122
1663306
1681712
1691560
1867918
1742644
1755654
1968476
1701158
1723842
1689642
1674296
1694462
1711982
1695334
1677410
1679232
1701668
1689112
1821600
1825878
1743272
2391172
1738938
1748082
1726386
1711344
1708844
1752356
1719404
1742898
1717790
1739634
1725096
1747080
1752814
2010542
1921192
2115872
1848060
1787024
1783988
1808612
1811182
1767518
1755000
1764068
1776632
1760304
1757730
1795892
1938874
1929188
2156038
1810010
1755682
1747966
1761884
1772060
1777276
1757376
1776468
1762424
1774532
1820308
1797074
1780540
1795108
1783462
1796100
1820468
1939394
1793568
1816580
1808920
1778012
1777818
1780456
1779096
1766058
1774390
1789068
1966698
1826264
1851872
1815848
1801872
1799112
1786932
1802188
1788850
1814484
1778836
1797546
1792618
1809370
1849286
2096438
2059128
1841914
1841952
1813178
1808510
1804224
1801136
1819662
1806524
1805736
1828784
1830954
1887400
1834516
2146794
1886096
1870748
1850308
1835224
1846302
1817610
1820276
1816094
1837752
1825242
1837076
1825362
1832348
1875290
2019332
1907944
1858554
1871806
1835728
1843648
1848500
1874020
1846872
1850018
1865546
1853522
1972128
1799932
2023240
1963048
1917894
1879234
1874546
1859712
1875892
1857800
1893292
1870958
1879698
1869038
1874676
1880678
2170148
2100672
1939074
1904770
1876248
1874182
1886226
1880518
1884270
1893904
1896618
1890096
1888148
1969198
1996640
2132968
1990148
1899656
1946440
1916870
1906832
1899090
1904356
1914664
1906626
1912496
1928814
1946584
2037452
2041220
1974556
1954562
1924350
1950420
1928196
1922434
1933224
1919976
1928682
1928958
1942768
1956912
2120198
2149356
1986846
1959542
1989794
1955670
1939604
1954596
1953724
1944760
1941862
1951088
2009538
1993920
2605852
1991320
2010200
1964820
1963172
1958004
1986866
1960582
1962752
1981338
1967820
1960618
2057052
2474886
2162322
2020906
2000146
2006018
1981040
2015290
1979536
1982420
1991530
1987068
1984500
1993420
2224814
2264702
2074268
1996126
1991348
1990920
1998000
1986160
2000846
2020236
1996056
1995720
2082544
2255828
2252774
2024352
2058600
2015658
2032394
2014374
2011568
2029186
2011260
2015768
2035338
2098858
2182882
2125288
2126662
2036008
2047206
2027772
2042110
2029070
2035428
2027596
2049314
2053132
2046618
2310680
2334684
2098548
2119228
2062268
2064610
2050954
2067116
2052988
2059506
2072638
2053570
2082760
2808228
2168214
2091362
2100582
2069454
2077424
2077710
2084500
2090306
2123140
2096976
2095000
2208232
2621550
2242208
2119934
2100484
2097418
2110582
2112870
2109058
2125688
2113814
2118674
2200820
2748712
2410198
2147768
2141380
2141750
2141822
2131730
2122712
2139834
2124384
2137356
2223836
2516576
2355420
2165090
2161882
2173124
2151646
2189420
2171504
2147246
2153576
2146846
2151408
2252042
2360294
2198134
2171106
2175442
2168896
2173780
2163846
2162178
2155144
2171446
2232754
2191606
2846524
2224566
2263236
2283186
2205494
2192988
2232140
2179970
2174328
2259568
2199756
2253380
2350022
2252318
2214730
2198560
2188340
2213030
2200630
2191530
2176436
2208650
2196248
2296818
2667864
2348002
2274354
2208244
2198370
2230944
2212980
2215440
2234704
2214066
2205594
2294762
2648414
2412744
2254840
2240808
2247410
2261072
2215506
2246682
2235818
2235226
2318208
2464654
2512718
2263674
2262310
2260590
2239456
2240988
2262744
2255218
2247116
2253524
2326166
2930014
2446986
2268398
2287796
2260452
2260324
2286344
2267966
2275986
2288848
2256380
2414450
2605806
2299584
2306686
2285078
2301414
2303924
2295150
2289520
2287038
2275988
2417894
2522008
2310080
2348792
2291850
2333278
2314540
2300000
2287164
2305314
2307304
2408890
2645448
2378476
2324252
2312324
2319540
2315076
2317254
2318554
2327442
2331902
2418476
2934260
2548572
2374586
2342962
2347296
2344044
2338822
2348684
2333806
2338286
2440454
2517074
2600438
2373752
2381406
2371486
2380816
2355718
2363102
2605648
2353762
2357236
2978330
2788204
2369882
2399104
2366046
2361618
2384616
2363018
2374222
2396168
2451190
2564778
2602040
2426794
2412426
2379764
2376076
2399608
2379726
2386700
2368970
2379542
2905960
2464228
2402322
2419054
2392192
2396328
2389438
2405800
2414950
2398974
2396864
2698140
2592566
2458746
2412702
2412670
2426964
2413992
2411952
2424342
2418158
2428688
2998290
2498392
2462738
2432890
2438624
2427586
2430322
2443340
2412334
2522284
2390352
2772936
2642470
2473266
2470054
2477450
2435654
2442036
2464216
2434592
2364006
2451550
3324076
2522420
2482168
2489282
2461298
2462030
2492678
2467782
2474276
2506136
2604952
2718842
2505480
2543410
2479712
2488230
2474558
2475842
2497546
2487236
2577230
2809452
2520002
2544536
2498350
2514934
2483706
2505248
2509782
2503178
2572822
3592670
2581822
2563504
2511188
2523828
2513236
2513212
2547014
2530836
2531788
2761918
2640822
2610146
2571114
2532560
2535068
2538980
2542290
2536152
2634650
2496640
3696432
2681844
2578736
2552180
2552484
2550602
2588950
2555152
2548466
2535434
2664724
2862510
2585342
2625202
2554586
2552906
2571968
2561460
2560146
2568506
2753292
2686366
2605680
2600794
2584026
2571382
2585444
2568190
2568400
2550918
2550264
3302492
2691134
2622096
2594736
2584726
2583200
2588262
2598306
2585436
2602134
3080978
2752904
2640306
2622650
2615666
2594946
2602442
2603002
2591740
2585032
2945870
2635726
3011384
2696596
2649056
2614030
2621628
2635832
2617972
2639674
2737208
3367092
2661914
2651228
2632334
2626786
2663776
2631482
2637352
2791302
3358874
3263760
2650922
2666688
2643004
2648574
2640532
2646794
2663486
2769816
3668530
2817850
2702444
2653256
2651304
2667922
2664106
2678394
2663740
2876662
3241512
2772078
2667546
2657656
2695070
2673800
2652158
2676880
2658412
3104884
3474594
2749418
2672704
2697296
2689726
2681260
2693780
2691488
2833244
4192422
2825688
2729462
2717944
2697734
2712290
2718784
2711306
2872864
3758620
3425194
2741218
2742498
2718372
2696854
2736924
2717560
2719562
2866624
3994654
2816226
2762528
2739206
2736104
2738970
2738520
2748750
2820560
3255584
3527192
2773980
2744854
2737892
2747454
2669172
2666756
2664628
2709980
4375904
2809552
2807828
2764938
2783166
2753294
2792914
2750292
2831522
3774090
3344794
2799864
2776122
2804680
2783868
2808374
2688028
2726826
2968410
3498952
2839594
2784276
2803990
2794020
2700284
2726868
2675288
2779882
5840568
2830264
2849414
2826676
2814416
2832862
2803580
2842112
3042836
3152714
2869014
2844652
2821096
2925740
2825564
2839130
2826622
3358738
3132372
2905766
2845304
2849262
2847788
2840184
2866626
2929830
3353032
2985516
2905460
2865522
2831086
2952842
2865040
2876042
2866648
3554826
2983014
2890226
2869656
2879432
2873466
2895948
2867598
2963246
3283758
3075356
2930410
2882612
2892546
2889464
2910122
2900092
2960108
3211788
3092986
2942732
2909180
2909128
2888028
2922396
2896770
2979774
2872954
3320588
2941060
2940546
2924512
2950458
2929478
2922696
3708778
3460282
3104054
3065308
2947770
2936016
2940782
2921940
2953538
3034310
3201660
3078778
3004874
3407146
2972956
2942380
2868458
2808198
2844388
2813662
2790076
2716226
2739596
2724118
2740864
2710004
2639968
2671494
3138642
2674444
2659170
2591956
2611856
2600856
2593618
2600830
2582198
2621238
2594246
2589256
2610794
2600074
2599004
2600296
2839862
2624910
2596226
2607100
2593574
2541016
2533912
2545058
2543392
2561294
2545402
2547526
2562448
2552720
2547354
2559858
2551270
2582918
2558322
2557426
2639868
2560884
2557992
2562890
2562182
2642762
2548832
2568308
2589020
2569512
2566876
2575956
2566894
2593202
2573676
2573500
2581636
2584880
2577488
2692762
2579492
2596986
2574514
2597106
2605576
2587192
2599560
2600726
2597826
2622552
2591342
2606664
2613318
2611542
2604168
2608366
2602258
2619128
2603514
2611546
2623204
2624590
2615906
2627920
2614336
2639560
2619752
2635984
2634472
2629268
3039916
2636498
2619744
2732054
2626838
2739188
2633712
2642088
2644488
2642834
2655070
2657344
2639188
2672546
2644872
2654484
2645144
2662078
2662148
2655546
2652788
2666238
2664226
2755464
2660442
2675246
2663198
2678926
2674748
2676286
2666132
2682742
2669600
2693964
2671462
2687012
2682786
2688754
2689290
2683386
2680932
2700124
2680434
2713664
2683448
2701104
2779536
2702814
2693484
2699228
2687758
2709512
2689562
2710456
2688730
2704612
2708788
2713470
2710626
2715276
2696958
2808712
2704964
2729060
2715838
2726170
2717126
2718166
2715478
2728226
2715782
2731890
2709770
2811548
2729368
2742870
2724868
2743546
2738008
2742698
2723154
2742874
2736890
2839624
2728678
2760314
2741766
2748690
2851566
2762410
2753758
2765548
3038918
2925742
2752574
2855472
2749352
2780716
2761960
2781572
2860506
2783734
2776076
2787580
2768742
2878474
2772352
2883318
2775086
2792398
2870194
2790940
2882966
2800712
2798024
2800118
2735534
2823442
2728874
2732450
2928560
2804296
2825112
2810854
2818648
2813754
2820046
2837262
2808558
2833044
2839624
2816118
2831170
2809024
2843410
2831796
2825812
2845570
2835348
2839348
2858204
2851680
2851264
2780590
2793710
2770694
2778868
2767278
2773308
2869366
4122232
2966506
2851900
2954952
2856548
2839902
2957926
2857856
2959198
2861490
2864076
2859778
2865846
2942860
2869220
2885532
2864218
2871608
3028482
2867534
2900462
2868906
2880350
2876372
2886908
2981936
2878428
2900694
2881374
2876046
2825730
2922814
2825652
2820838
2827840
2824536
2827722
2847714
2818724
2844448
2834504
2829530
2859032
2835262
2840948
2829330
2996812
2954014
2913908
2948492
3272130
3082024
2919228
2918098
2919950
2918466
3006966
3241200
2945090
2932674
3042864
2946236
2931164
3009920
2936958
2949312
2950674
3022812
2937262
2935438
3050012
2939860
3038620
2944334
3031670
2936596
2966630
2940942
2937172
2964310
2945278
2886084
2880396
2871690
2899780
2887158
2895468
2894540
2912228
2889484
2897580
2912920
2883460
2911184
2896864
2885766
2946306
2966244
2912476
2914472
2907712
2969342
2941906
2947370
2967776
2980610
2962052
2903948
2979662
2996732
3023866
2918492
2999672
2911758
2921324
2924562
2927064
2954450
2995914
2930448
2941050
2939704
2933806
2985660
3034400
3003544
2950520
3033012
2986308
2951706
2953262
3109666
3018788
3064038
2951780
3149502
3029994
2942718
3057704
3032198
3043140
2972342
3113116
3052816
2968492
2969934
2962184
3073300
3048460
3053396
3018700
3272096
3047392
3058216
3056626
3040590
3144802
3053304
3061386
3063246
3079108
3051658
3068112
3073492
3057984
3089230
3065370
3091470
3093310
3109684
3009788
3004782
3012900
3016640
3032648
3100104
3020192
3015456
3029420
3019416
3084932
3207908
3105006
3130832
3114030
3133328
3122394
3136408
3071906
3060684
3046678
3137486
3119738
3053462
3069284
3062612
3074012
3120258
3101910
3063620
3065326
3068392
3067436
3069266
3063140
3098058
3075508
3164190
3071882
3107490
3086030
3068218
3061774
3084184
3161224
3084588
3087486
3094802
3101014
3086992
3076926
3088236
3090752
3156422
3074170
3105622
3024306
3130922
3014348
3113940
3036446
3158522
3033714
3116898
3119916
3043158
3213394
3336282
3272956
3294482
3310520
3478706
3463696
3361426
3345142
3310272
3317510
3358294
3299644
3312308
3358530
3304940
3321408
3278742
3323190
3299932
3320730
3299308
3301956
3320918
3312310
3318840
3308534
3238998
3225806
3339042
3245634
3248754
3233280
3328502
3242664
3348300
3235638
3328318
3224644
3326452
3335642
3261368
3243730
3335186
3244506
3332384
3251036
3263088
3244940
3229454
3251552
3253666
3334148
3257470
3418042
3255468
3350352
3278428
3381980
3108044
3247804
3118794
3271818
3190482
3232232
3107216
3248154
3133652
3215196
3129400
3113640
3136038
3142860
3143534
3137032
3254304
3136584
3150956
3142370
3266268
3356962
3274934
3224166
3231184
3157068
3235686
3153420
3223796
3156032
3238508
3148826
3148186
3137200
3156414
3186910
3154736
3276766
3136622
3248374
3160810
3287732
3167140
3237980
3144528
3360224
3175060
3392958
3170492
3276012
3177820
3261406
3177090
3289192
3180464
3165336
3187710
3183550
3331442
3181948
3221410
3173814
3312850
3190128
3288264
3200602
3315288
3270720
3210014
3188240
3322338
3194592
3208522
3192744
3315954
3177330
3284664
3210948
3333378
3214082
3294440
3628740
3449094
3671868
3628426
3377364
3460440
3386806
3460948
3524244
3476566
3389148
3472724
3388802
3496436
3393948
3484380
3408514
3494094
3397184
3485744
3397830
3496504
3406918
3495136
3388598
3499956
3406616
3487616
3407662
3502270
3410900
3504114
3409396
3509988
3408914
3511858
3410960
3503116
3251968
3827096
3525584
3532504
3515608
3535364
3517664
3529676
3506448
3513234
3426234
3480464
3443520
3436228
3447124
3442524
3442474
3443830
3425588
3451884
3451850
3462110
3455846
3462684
3476820
3348280
3334360
3298996
3295762
3303014
3298650
3305848
3296858
3303760
3304172
3291440
3309472
3315046
3309692
3315300
3308540
3319510
3322986
3324572
3318154
3319654
3311728
3325120
3322544
3329376
3329974
3363304
3331568
3339270
3339936
3375676
3333750
3343128
3333266
3356446
3347418
3357718
3344520
3351478
3345628
3350144
3353188
3353490
3351890
3451172
3357936
3336962
3356670
3368586
3366246
3369070
3372634
3371074
3441562
3366338
3366294
3378180
3420108
3374120
3424734
3382308
3498388
3390420
3463164
3394984
3515052
3397062
3469450
3395986
3517116
3374636
3469516
3389130
3518702
3458674
3518366
3476004
3599528
3411780
3485832
3557698
3533570
3409110
3492982
3417258
3529360
3410278
3512908
3421782
3491886
3459562
3422356
3427394
3423286
3435986
3424642
3653188
3435210
3515782
3434414
3551644
3432600
3510316
3424266
3544852
3440442
3529022
3655782
3555488
3418850
3745202
3440484
3540570
3452842
3537816
3446054
3696442
3659588
3632000
3714836
3632320
3723722
3636978
3725550
3641216
3729304
3666994
3726752
3644460
3638860
3646340
3632902
3650576
3626016
3735186
3644158
3658676
3652362
3657382
3650086
3657280
3655412
3741898
3558644
3564734
3497994
3490602
3606690
3487594
3578054
3500776
3618522
3495400
3579484
3498862
3589786
3511512
3594712
3514874
3770298
3517086
3511890
3516270
3514658
3528540
3509438
3595158
3517070
3604584
3519950
3609428
3521260
3531330
3604510
3652530
3528432
3621716
3537604
3618822
3532266
3544546
3533650
3539096
3544130
3550602
3659024
3544064
3624046
3545990
3673654
3560050
3668342
3558774
3683754
3559838
3553326
3616100
3637538
3753042
3634038
3680414
3564332
3683086
3572968
3723382
3649782
3773324
3802444
3804872
3703290
3584990
3667446
3580284
3699030
3584082
3683290
3595898
3860994
4090922
3780950
3884836
3782660
3796292
3783634
3866204
3786126
3833428
5025088
3887376
3894756
3895816
3881888
3885130
3891174
3903722
3900410
3916978
3851868
3911814
3800802
3796604
3908852
3815340
3898098
3809460
3916144
3822282
3903240
3901386
3823148
3902550
3808720
3713664
3649816
3743438
3644490
3652182
3652816
3660030
3727888
3649764
3784040
3663220
3660252
3655416
3772312
3658074
3672994
3658960
3666390
3819562
3742356
3971636
3824432
3753156
3674370
3750248
3672864
3699238
3757756
3672316
3774780
3689874
3698812
3679746
3817748
3769646
3731378
3689900
3707676
3791224
3701160
3822042
3704290
3845900
3701582
3782970
3714452
3715686
3795924
3714368
3834180
3712206
3801300
3714056
3808422
3729942
3724606
3838164
3730200
3734276
3733686
3811506
3731762
3818902
3806248
3732060
3833342
3759442
3829288
3872912
3917374
3754566
3781698
3896066
3760910
3900170
3750538
3886836
3761422
3872674
3766174
3764486
3883154
3769928
3862502
3765144
3910796
3768448
3767280
3881718
3849286
3773934
3772862
3854272
3776650
3856438
3778456
3776550
3872460
3796748
3901542
3777368
3799090
3794466
3788444
3867102
3788802
3910226
3784532
3868590
3797836
3826628
3803414
3790648
3953998
3800174
3802076
3796450
3889486
3808670
3805466
3892030
3811516
3887684
3804592
3885352
3817460
3811720
3928150
3812432
3900056
3817668
3893264
3810510
3974822
3901222
3811002
3822128
3828260
3901270
3823254
3814762
3958114
3824318
3910678
3828566
3919292
3833204
3830744
3906236
3855092
3925076
3839504
3918392
3852520
3842262
3929364
3840440
4081028
3924634
4309510
4132078
4057156
4136802
4049632
4136886
4142778
4064026
4114222
3941964
3988900
4124296
3918578
3996052
3948278
4114232
3946952
3941000
3893576
3972190
3997944
3879152
3974950
3936090
3887938
3967660
3888948
4091102
4048964
4360018
4207428
4093666
4238020
4151898
4119856
4121808
4097996
4110966
4123048
4108554
4242516
4116984
4152222
4120608
4104872
4105740
4119686
4199810
4197456
4141232
4054164
3928464
3999244
3917698
3937204
4012556
3934022
4018446
3939176
4153798
4016528
3928660
4018090
3940146
4021500
4015926
3950698
4029510
3944542
4026256
3964008
3964612
4049098
3943522
4036352
4103518
3952650
4037908
4097270
4607932
4193300
4178650
4220022
4175694
4326060
4285630
4187460
4200504
4178406
4255612
4291470
4205686
4290264
4185210
4538094
4287700
4181546
4222068
4291456
4208374
4204806
4202898
4226000
4178306
3998896
4004920
4014584
4003068
4110114
3992960
4096272
4009388
4012608
4092484
4018838
4036944
4019870
4016488
4145052
4026346
4102154
4015518
4027490
4156400
4027288
4116948
4034142
4037850
5216886
4234808
4260268
4341682
4251950
4324190
4352138
4265682
4332712
4251886
4354420
4335736
4835828
4371896
4348308
4259952
4361816
4243388
4073688
4072638
4179268
4279608
4288342
4275652
4360176
4276172
4318104
4211642
4075302
4160268
4088182
4120640
4164846
4079304
4192964
4108552
4087992
4176952
4320364
4223564
4186606
4247178
4193558
4100454
4178992
4107660
4107898
4186136
4119390
4103554
4234554
4122772
4199824
4113872
4270954
4126840
4119092
4193846
4133320
4117602
4250512
4122186
4213332
4216330
4264376
4207518
4223108
4149420
4219500
4137292
4309014
4373714
4216030
4253150
4146194
4222546
4229438
4135246
4227318
4146706
4155078
4278654
4169712
4283058
4157592
4153638
4291976
4169178
4162658
4253000
4174850
4295924
4276156
4318374
4333736
4321342
4175096
4246020
4189506
4307470
4254718
4179858
4311812
4185044
4221994
4320414
4830952
4430112
4521140
4511664
4496002
4494950
4487054
4496844
4507686
4404834
4292504
4236520
4273134
4413740
4204426
4304358
4295136
4418774
4508614
4499572
4460090
4439806
4500034
4214566
4314052
4231386
4217522
4232216
4316140
4353048
4302482
4226508
4318614
4230650
4224658
4312728
4244132
4318300
4253240
4238470
4366526
4254198
4243834
4319578
4264720
5393430
4339258
4253028
4381404
4399418
4251142
4259670
4379936
4264790
4343118
4338590
4430392
4471142
4339496
4384068
4362546
4273424
4416792
4382930
4289236
4356512
4273642
4275990
4368838
4276504
4289608
4399684
4299230
4376994
4370028
4285994
4385214
4299630
4293802
4371698
4309684
4420828
4424658
4366460
4396364
4585424
4559314
4762452
4672820
4405470
4784208
4613012
4433710
4503684
4562728
4546058
4657666
4624214
4555600
4670128
4486998
4464526
4562568
4621250
4529744
4417658
4411800
4433852
4521518
4653746
4337324
4353014
4348646
4348536
4344614
4338454
4354460
4436210
4346740
4429690
4378974
4364586
4442270
4441016
4371656
4450348
4360156
4362670
4536990
4367510
4362574
4432838
4379192
4453594
4488998
4368560
4416286
4464896
4373792
4459828
4471760
4386732
4460974
4457620
4554966
4416696
4388704
4387444
4408572
4396846
4508632
4593236
4428894
4509242
4487052
4432406
4518472
4520458
4415108
4515134
4553886
4435652
4493182
4591270
4527896
4609744
4430736
4452814
4538364
4529190
4431336
4538564
4547620
4823306
4530326
4547088
4466410
4574976
4462462
4479472
4662358
4669770
4521848
4560116
4686660
4485884
4582086
4582500
4496100
4607746
4544984
4500284
4576442
5653442
4691286
4716176
4705342
4652800
4639294
4717748
4610074
4501314
4712850
4794184
4514342
4621728
4650452
4620570
4778174
5050312
4755932
4761394
4751938
4737996
4736666
4838722
4542980
4527856
4663224
4756450
4561512
4604644
4515384
4537984
4615340
4528736
4505748
4618974
4540180
4532728
4594552
4551438
4546676
4611312
4515964
4548216
4636600
4549862
4529314
4635570
4554850
4555118
4685700
4562638
4567678
4666496
4532896
4559638
4649348
4568066
4541918
4663102
4652714
4570968
4625206
4648352
4582494
4654598
4627002
4584458
4589146
4649402
4557556
4665604
4704682
4581004
4562946
4671294
4682666
4588366
4650376
4594102
4683602
4715984
4651216
4608064
4756678
4590938
4582776
4697116
4838162
4605466
4672936
4710446
4619812
4688426
4596552
4620830
5104458
4987308
4607822
4848946
4861068
4733828
4608698
4719170
4865210
4635682
4724038
4759130
4652702
4630836
4699256
4649790
4796756
4703356
4617198
4642814
4765124
4638142
4961776
4979778
4996594
4877646
4991524
4784994
4875260
4892902
4880540
5000674
4891162
4766596
4864722
4772370
4896352
4949872
4698452
4667696
4912416
4754136
4645662
4765984
4688384
4680340
4732238
4777876
4682534
4675994
4740396
4817266
4693388
4768152
4759996
4698330
4708310
4774230
4671098
4791246
4828002
4702122
4676600
4938560
4861910
4776080
4787314
4715152
4716098
4814016
4692042
4713944
4750924
4788958
4683892
4872172
4998414
4894866
4926908
4845248
4843324
4703420
4693856
4849656
4816668
4718190
4825608
5049054
5116208
4960984
4951878
5001890
4982780
4892786
5054120
4989170
4737812
4839552
4830654
4835972
4821072
4840800
4759522
4770662
4889846
4752814
4769796
4881116
4761406
4781606
4907686
4863474
4772578
4766620
4787328
4905348
4764648
4864334
4870696
4792038
4870148
4934608
4797630
4801226
4926576
4816484
4807688
4920126
4905960
4801006
4804124
4891598
4927136
4810478
4813300
4967576
4813580
4819986
4929994
4924620
4833534
4940584
4913242
4825706
4830526
4907736
4910044
4913204
4842850
4958584
4839202
4847854
4949886
4932384
4845358
4963982
4944304
4862614
4917176
4933184
4982262
4923906
4998700
4953980
4849752
5007166
5057486
4985894
4857628
4992818
4979332
4877544
4868698
4990710
4953160
4872772
4981248
4961148
4883118
4877218
5000016
4977672
4893046
4892418
5033850
4991278
4878748
4898054
4988536
4898334
4895242
5023948
5010420
4890230
4972172
4920630
4896074
4898794
5058830
4995000
4905728
4949794
4991626
5122294
4917692
5001256
5118188
5055378
4926148
5075546
5001908
5013728
4925696
5012308
5046102
4928238
5178076
5091144
4932334
4940290
5022364
4953226
4932476
4945592
5020396
5097426
4943586
5031292
5066822
4956768
4949392
5048956
4975616
5398126
4951168
5146908
5207812
5154760
5081566
5268612
5228350
4971416
5273474
5138944
6215068
5401656
5375236
5364686
5372950
5470034
5437900
5360848
5381726
5248852
5241196
5220516
5191688
5341306
5247166
5172812
5818116
5321084
5375406
5331456
5104238
5205772
5262588
5256562
5116954
5215162
5351002
5346308
5007358
5120660
5213204
5107652
5259004
5035740
5221770
5310128
5030620
5053708
5226660
5300290
5298294
5052970
5223874
5169668
5041040
5048994
5043840
5159166
5038720
5058058
5125444
5067656
5053876
5184574
5146720
5150462
5055142
5074448
5179068
5162636
5057406
5192670
5148938
5164524
5065596
5087106
5147660
5094536
5082306
5182968
5154582
5210812
5078564
5114056
5159852
5153932
5080280
5172840
5232068
5185802
5083628
5097750
5171752
5093252
5095258
5226634
5108240
5108918
5109184
5199792
5184592
5196820
5108858
5212766
6508286
5275016
5106416
5361720
5459798
5613062
5195750
5135284
5198570
5472822
5204174
5149904
5250406
5588874
5486760
5406286
5184474
5234478
5215618
5141714
5310240
5276272
5256748
5220186
5136098
5274802
5261376
5248468
5148376
5243470
5272198
5246172
5151364
5333780
5238570
5187832
5161660
5243882
5246504
5269150
5164266
5185378
5262810
5279438
5337790
5195120
5253632
5279012
5177158
5194798
5261970
5287984
5301640
5282050
5225790
5300960
5202162
5224874
5274638
5565420
5282192
5225870
5192346
5304486
5293766
5344780
5201720
5357544
5332466
5334586
5227498
5451492
5415868
5443882
5237184
5393304
6320492
5613722
6143468
5617578
5488220
5497818
5323220
5344230
5233150
5267746
5374112
6020228
5478646
5632180
5509876
5666150
5750040
5622026
5442998
5658034
5519272
5576688
5606652
5655060
5527624
5532082
5353702
5367220
5266018
5397964
5500138
5371584
5611436
5546322
5508092
5630696
5534556
5643026
5484318
5371182
5428270
5386556
5269062
5292772
5381340
5500828
5439298
5305200
5394932
5389830
5443064
5334432
5352520
5426394
5375252
5312280
5311024
5511748
5473008
5445192
5298084
5326532
5401648
5433682
5290818
5329828
5430992
5462504
5388312
5331072
5318250
5556828
5322660
5342788
5302502
5417592
5478874
5666192
5321802
5355930
5401532
5509716
5407490
5346382
7198000
7829312
7891456
7098906
5913990
5935914
5862512
5783074
5835304
5821814
5748120
5799270
5733218
5827574
5780166
5727850
5557230
5490890
5473454
5567366
5476532
5378700
5360758
5719366
5663302
5470028
5373952
5503334
5436656
5582314
5451582
5630424
5623304
5483602
5373182
5486586
5374640
5523744
5470976
5584094
5378784
5563908
5470360
5529046
5477382
5420904
5385530
5500858
5508008
5538490
5388348
5508898
5516700
5572600
5403362
5433512
5489340
5457322
5499168
5440168
5421962
5520512
5495636
5520226
5622220
5530186
5604974
5637972
5583658
5553280
5430318
5615222
5654976
5465496
5436294
5486326
5505516
5584032
5510248
5454088
5428692
5611800
5514354
5909180
5739844
5682766
5704888
5773920
5696234
5490262
5451864
5484902
5677636
5780120
5738908
5749936
5460606
5493572
5542956
5683196
5740932
5757574
5634988
5588406
5480908
5512910
5481878
5528016
5566036
5524026
5481816
5517868
5502992
5605926
6154644
5864246
5495316
5715932
5576628
6327450
5799688
5860332
5996736
5816228
5771536
5849772
5801408
5871438
5516764
5546548
5747186
5809606
5601550
5548644
5519910
5642908
5710820
5806876
5560698
5543294
5807292
5839058
5613696
5571334
5733466
5618968
5641788
5622802
5646500
5576894
5590116
5576932
5698236
5669966
5802846
5673470
5657768
5660626
5562840
5581302
5579168
5645954
5665352
5640126
5664260
5598328
5680030
5698944
5693762
5650986
5609774
5667010
5747644
5682044
5701094
5968262
5609216
5599174
5908880
5862170
5709020
5635524
5679042
5706652
5714444
5672580
5784350
5596696
5723832
5641410
5766064
5649334
5637884
5606510
5643612
5695520
5726822
5772368
5711084
5755726
5730472
5729590
5725662
5663436
5737570
5740166
5716682
5739806
5729360
5621416
5813784
5793164
5755532
5744960
5647198
5669538
5745486
5756284
5670310
5768072
5741984
5680046
5746204
5769362
5765394
5770492
5873060
5843794
5812020
5904736
5798166
5820116
5691142
5696170
5795574
5788764
6148466
5958860
6087206
6049882
5952216
5953496
5934728
5956100
5793826
5827438
5689498
5992964
6173520
5986212
5997462
6022982
5713220
5829168
5786250
5954490
6027524
6005788
6061986
5737760
5731244
5818464
5727608
5824898
5764966
5744232
5811376
5772590
5838384
5918852
5786096
5774794
5784190
5833430
5822538
5851948
5763922
5761568
5827724
6101660
5895492
5897822
5834436
5781632
5782438
5859002
5836952
5866508
5810736
5783846
5751402
5905468
5913146
5921616
5854088
5815256
5803386
5926546
5916852
5950228
6118616
6418452
6169524
6350110
6102904
6103792
5929952
6079660
6232832
6219086
6210398
6142796
6050598
5907942
5960550
6137490
6185808
6224166
6222552
5840922
5812044
5976876
5996052
5978372
5899720
5922240
5860670
5867434
5964822
5935928
5910644
5977446
5982910
5862070
5846248
5911644
5945666
5944186
5940630
5957492
5836780
5865326
5984790
6142690
5954364
5951100
6019168
5889540
5878178
5961486
5964760
5974568
5934270
6008920
5973790
5897844
6014120
5984178
6057524
6035884
6025288
6110508
6077138
5920282
5994684
5989002
5964264
6132672
6198976
6167966
6247942
6329516
6344166
6273714
6893614
7304336
7511464
7215556
7069728
7306182
7787730
7371904
7542982
7836874
7932086
7781002
7531476
7478178
7383516
7988524
7937452
8788164
7901728
9144946
10200988
10455902
8607394
10189356
8048704
10078130
8997042
7426934
7421056
7483650
7431486
7424912
7134132
7002990
6818260
6670972
6642954
6475642
6428634
6449338
6409074
6485188
6394098
6116550
6286274
6133340
6324276
6326792
6221730
6341798
6436984
6377360
6272196
6278892
6037770
6198780
6164362
6199086
7419114
6271212
6127760
6338952
6446192
6451288
7023806
6633548
7119160
7309838
7077560
7021676
6834394
6710312
6531150
6525656
6536110
6531656
6532682
6373982
6439990
6260266
6558034
6502578
6478192
6793424
6631884
6615730
6507576
6492584
6307200
6467384
6386196
6387240
6464922
6514522
6187198
6178128
6407632
6352726
6097358
6277420
6233508
6302904
6403202
6406562
6487360
6183512
6225936
6112152
6195088
6199602
6188034
6470284
6432702
6446150
6517058
6514256
6207628
6256094
6209534
6259916
6368606
6410414
6215600
6196226
6134922
6244264
6211306
6244232
6315890
6261254
6213270
6410438
6569606
6362238
6522022
6437854
6453960
6454892
6460556
6399530
6230018
6276962
6273572
6265568
6356900
7110726
8510210
7807102
7299156
7316992
7891730
7655602
7673288
7364108
7148268
7076026
6865486
6869324
6741650
6670182
6736896
6684150
6762052
6678104
6709526
6684566
6673122
6659016
6479402
6543752
6488346
6267036
6300768
6480428
6319622
6468340
6503252
6548568
6443498
6466878
6498862
6323096
6647008
6555526
6507320
6517480
6462760
6551248
6601046
6523598
6299436
6292130
6307392
6361694
6344330
6289882
6230458
6235712
6308950
6210850
6324644
6234484
6349228
6372190
6314500
6249818
6339062
6240042
6257316
6261134
6328040
6352416
6370720
6386224
6262526
6331762
6335548
6344014
6260882
6254208
6266026
6286692
6389762
6403312
7153976
7478230
6760386
6707962
6743356
9743598
7361598
7285650
7031350
6985708
6962894
6802588
6808686
6793292
6793848
6867916
6830062
6817432
6990094
6804444
6852328
6931456
6810632
6701754
6645046
6747826
6828686
6831548
6615924
6646234
6689026
6709438
6624504
6532632
6508416
6555584
6649062
6948394
6943954
6798416
6832334
6527464
6664296
6772946
6690286
6645038
6591442
6674684
6694366
6767896
6656402
6567658
6663914
6717242
6622948
6632026
6730478
6569552
6437324
6433704
6461198
6444780
6722472
6706520
6462426
6569740
6450638
6438846
6389384
6386342
6379210
6372598
6467732
6380456
6503982
6460778
6511058
6589096
6494268
6473986
6485342
6491500
6396112
6395762
6416600
6435958
6481890
6474888
6709110
6489210
6484146
6475854
6500048
6493504
6495834
6572472
6503232
6758638
6693230
6574774
6596044
6587130
6583346
6582658
6577798
6510634
6668500
6540666
6552540
6527278
6515108
6514936
6542468
6543056
6524022
6520778
6454620
6451476
6454202
6437086
6530692
6536326
6602690
6532496
6584566
6577710
6540342
6528312
6555824
6546180
6560040
6532804
6593302
6625824
6473344
6456818
6486408
6556746
6559306
6550088
6572376
6615798
6608988
6559548
6589504
6582728
6570642
6558446
6588396
6615480
6585538
6569548
6505926
6498614
6494076
6486338
6674392
6587656
6846320
6736158
7103080
6871364
6855828
6904644
6946918
6927374
6935942
6925348
6937192
7624916
7032002
7033940
7058902
7097666
7060636
7448840
7073478
7020586
7204230
7004236
7129138
7025514
7091960
6990322
7001274
6848706
6902780
6881040
6925042
6962618
6943842
6910170
6938338
6930394
6756640
6895394
6928032
6770844
6949658
6897306
6924014
6909726
6907464
6726598
6688788
6783650
6706194
6656162
6685172
6685712
6669530
6668086
6749252
6731042
6686204
6716578
6740694
6707408
6696630
6652408
6683850
6614040
6607886
6830778
6637782
6680434
6714206
6733502
6750090
6713106
6707522
6694084
6760540
6755824
6749028
6707156
6734706
6806380
6755884
6745324
6669038
6740330
6654994
6759228
6669812
6775866
6663682
6768662
6674518
6649764
6649016
6660796
6662938
6664404
6670274
6648664
6676518
6748942
6660138
6736666
6694556
6913446
6828988
6763752
6819672
6690804
6767654
6686090
6785284
6774106
6818926
6749384
6884854
7128704
6995710
6822956
6933732
6910400
7009514
7040346
7017590
7071474
6998836
7066482
7006544
7148818
7043344
6985340
6848952
6959930
6898334
7063738
6925486
6959588
7078428
7060996
7434588
7220452
7280778
7168818
6879144
7070294
6855352
6850722
7090754
7553858
7244612
7161876
7090596
7098130
7113840
7094172
7036778
6869900
7023646
7011642
6893080
6890092
7044356
6765546
6796346
6777894
6767946
6852390
6807940
7146942
7064788
7503720
7302582
7251540
7407780
6989298
7021122
7009140
6997544
7432414
7263148
7193714
7104310
7089232
7045902
7043336
7148768
7045718
7024634
7057508
7073158
6976222
6990306
7060780
7270624
7200492
8064178
7118872
7095100
7068140
7084348
7350882
6952950
6936790
7119576
6836430
7109914
6943140
7065890
7193736
7212484
7193846
7190382
6965018
7153556
6927912
6899518
6948152
6875368
6933742
7026382
7063532
6870498
6931128
6958128
7003596
6957642
6981034
6970578
7106710
7040288
7058786
7038566
6979272
7042134
6996642
7044292
7004860
7054600
7004936
6995560
7011646
6974184
7055326
7071918
6990100
7137406
7244840
7231804
7344490
7267904
7249532
7187894
7324034
7197644
7337598
7208098
7361168
7275096
7306708
7326324
7288164
7195202
7014716
7737478
7304274
7290330
7282222
7139234
7064186
7179860
7134960
7183904
7111334
7311846
7218294
8511718
7523928
7405094
7253430
7346458
7235874
7226838
7053166
7082890
7127714
7168524
7332518
7255736
7367750
7318372
7204050
7176686
7195562
7411138
7328552
7303270
7219032
7207498
7325384
7357704
7414448
7426466
7167154
7316554
7423334
7265544
7092584
7114904
7160604
7425436
7345096
7293608
7124846
7259336
7581288
8224998
7486244
7460814
7736788
7500076
7373552
7368074
7449424
7392774
7423692
7250874
7438014
7477028
7413450
7269284
7191210
7467116
7454180
7388784
7468976
7381378
7394928
7331352
7286724
7159318
7148128
7048354
7323466
7132866
7167038
7168748
7109280
7169502
7271178
7049660
7125632
7076058
7142850
7134046
7199094
7080390
7290712
7070188
7136740
7309344
7425744
7441000
7447452
7426380
7405968
7350984
7334884
8055916
7480526
7470862
7443934
7384324
7331096
7453506
7522880
7558162
7528580
7518208
7352396
7632396
7468158
7682552
7937128
7601274
7603220
7673540
7354916
7239592
7482882
7427630
7538982
7508702
7523064
7488826
7343940
7493236
7493740
7507948
7487566
7469666
7486808
7510706
7537012
7524238
7418386
7252098
7260536
7590846
7524066
7580202
7142462
7446002
7160072
7354420
7344454
7533600
7543654
7179814
7350684
7507760
7276290
7272974
7430180
7560084
7618876
7544688
7337846
7380944
7516044
7632060
7429612
7530192
7489788
7302742
7620614
7305356
7496250
7391272
7549860
7589916
7595124
7763846
7198736
7411622
7310784
7422250
7476758
7539382
7633256
7556560
7242582
7492430
7693650
7611686
7313512
7629556
7627120
7622688
7590498
7632204
7601260
7608310
7297078
7350790
7352742
7579554
7625610
7678464
7343366
7638040
7373410
7463760
7562824
7634194
7492130
7494202
7530922
7359000
7422252
7367164
7390608
7458544
7637438
7724286
7578280
7720200
7602060
7605294
7556416
7362270
7522754
7690382
7408686
7530512
7650700
7419462
7648742
7667016
7431664
8419114
7670470
7735858
7612078
7435372
7594210
7567160
7446450
7427340
7692404
7687378
7689042
7497962
7470322
7710390
7388286
7553472
7594566
7643022
7498220
7544820
7677882
7803868
7585230
7408968
7722042
7690888
7511242
7708490
7798688
7746234
7611890
7690672
7721532
7460346
7734564
7444154
7717622
7433456
7756950
7580560
7715984
7823992
7678710
7445510
7484742
7555476
7872120
7729588
7739566
7570686
7647520
7769758
7814396
7497988
7676186
7841574
7565260
7612498
7723668
7625854
7618156
7762786
7860734
7529026
7691672
7523390
7831478
7683070
7788626
7789780
7766522
7683550
7608244
7502036
7703928
7633198
7781472
7656710
7745172
7694960
7561012
7798750
7816802
7537758
7692222
7809582
7824902
7605498
7828198
7465044
7667962
8317488
7801094
7552972
7594718
7853112
7950678
7905574
7840618
7685606
7879542
7841434
7655244
7900466
7676268
7947404
7857578
7693750
7588460
7819950
7879308
7511840
7984034
8009702
8285670
8069860
7841052
7645298
7935834
7722470
7856404
7888090
7933502
8000984
7885726
7891640
7994208
7563516
7762108
7796152
7748334
7663310
7845776
7709868
7823948
7791932
7652648
7963446
7848232
7648374
7910636
7878244
7575326
7677692
7927144
7880654
7819652
7760152
7798448
7948046
7660304
7690890
8014610
8019540
7914160
7823660
7866816
7689584
7998314
7788222
7781880
9324912
7898640
8216402
7970904
7935006
7938332
7749290
8004186
7816986
8071900
7909034
7710514
8026584
7942472
7897428
7786122
8014006
7965308
7734426
7733392
8039380
7744806
7815082
7856386
8009578
8003812
7753920
7869418
8006218
7905102
8007116
8162440
8047670
8174728
8061488
8116326
8145242
7948942
7872266
8060972
7844672
7874300
8033634
7708936
7855434
7955934
8080416
8214448
7928932
8112856
7843936
8094122
7894574
8152510
7868412
7885374
8101758
7916028
8037002
8208390
8128406
7832704
7885986
9126358
8216954
8240756
8326350
8214172
8177280
8000234
8177580
8161924
7976070
8008620
8052372
7935570
7972222
8053250
8049074
8082598
8183226
8225176
8220092
7983922
8169716
8037462
7803022
8126088
8199142
8181720
8111954
8051294
8091948
8186954
7937566
8188472
8150238
8180716
8202656
8164982
7876818
8083652
7955332
8279760
8235294
8046982
8119044
8256818
8245610
8247628
8005584
7981078
8118150
8073406
8000314
8204538
8198774
7995910
8144912
8054904
8052962
8107490
8220204
8282752
8010048
8005182
7902278
8017992
8165108
8213196
7915894
8132398
7987356
7947222
7996946
8227554
8121560
7914854
8089864
8067274
8084578
8117598
7978988
8134430
8245898
8035286
8173804
8306870
8243206
8191412
8113854
8046592
8110458
8142644
7861714
8274880
8152518
8202544
8143730
8268902
8200920
8228282
8206292
8010602
8241244
8181798
8162270
7972750
8122830
8274598
8186510
9252696
8249944
8271340
8134904
8167348
8229082
8298158
8200234
7975958
8192912
8147222
7989050
8213334
7973450
8275228
7872338
8193490
8074658
8349062
7893702
8172292
8256060
8200868
7995226
8397424
8357196
8318492
8128062
7993718
7997796
8287038
7920432
8116248
8248528
8220586
8099212
8350770
8183138
8400666
8027828
8149488
8100196
8306202
8075706
8333570
8392240
8136520
8296044
8784192
8411130
8423642
8160936
8606130
8315364
8375676
8348706
8392564
8416512
8275716
8150788
8200392
8226892
8390684
8343990
8334492
8303736
7984440
8210734
8383922
8423116
8477752
8370780
8292170
8374452
8404684
8389556
8113118
8263716
8258754
8479314
8339558
8255796
8193926
8311290
8383838
8266754
8251066
8329780
8317636
8281702
8328570
8190812
8378244
8286846
8286792
8472206
8257006
8221246
8401336
8163196
8537456
8376218
8450974
8121184
9662898
8384278
8765512
8925752
8895182
8801772
8547896
8531118
8679262
8538320
8572934
8439004
8557786
8363478
8389508
8217118
8434256
8513510
8468672
8087390
8473984
8317152
8250072
8396958
8360128
8402144
8256086
8318696
8363302
8401568
8313336
8238948
8510120
8458332
8432902
8362264
8418894
8374348
8446970
8329956
8531886
8288438
8437878
8423398
8516830
8305598
8453070
8318934
8547194
8462924
8298924
8256434
8397162
8467156
8592318
8383238
8616668
8436244
8571406
8354302
8401734
8491716
8454182
8460492
8248662
8309216
8369898
8301138
8699230
8524910
8517596
8324718
8594496
8718312
8333956
8484532
8603514
8610418
8445296
8463340
8569840
8524754
8516296
8300552
8556886
8454786
8650176
8533158
8389966
8550048
8466108
8624870
8671232
8579314
8549874
8337092
8596142
8324596
8548788
8489198
8541962
8334986
8294866
8471120
8471274
8789654
9347828
8701946
8845798
8789716
8723412
8450646
8531822
8522626
8550750
8502876
8476014
8452190
8505164
8339064
8338370
8429560
8585068
8460984
9164112
8528946
8585866
8552878
8582792
8465496
8507134
8494968
8419486
8386358
8955772
8530032
8513842
8555002
8513294
8367508
8587514
8523320
8584314
8406562
8689774
8638568
8604932
8522544
9839358
8443068
8623438
8453878
8551022
8584132
8960452
8868548
8945278
8798864
8858882
8528790
8563506
8404104
8369936
8470898
8673446
8534822
8695448
8530538
8744706
8545684
8662494
8458512
8500244
8631062
8644508
8683706
8590514
8584444
8582384
8704758
8753280
8744820
8705480
8571228
8694194
8520608
8434752
8413536
8715220
8666780
8772102
8732310
8734036
8772702
8776952
8604756
8702392
8636664
8716128
8669270
8718346
8554004
8619728
8784324
8893714
8797536
8750450
8625216
9596342
8610710
8759676
8816166
9152818
9305938
9041422
8987270
8992210
9045812
9031558
8750894
8773790
8799354
8757052
8719830
8695388
8687214
8719158
8458904
8739386
8615336
8713124
8583866
8866766
8650182
8772806
8615242
8762362
8598252
8688754
8670314
8806660
8660192
8942278
8523762
8826770
8755468
8792270
8597250
8921654
8669426
8789654
8647476
8898704
8631538
8842624
8640524
8878780
8835456
8784384
8724038
8873870
8660720
8654000
8723308
8871440
8696304
8666288
8680584
8894966
8910892
8760068
8767468
8902372
9012608
9001260
8939060
8881322
8872798
8750388
11813916
13129452
10002196
9742074
9584968
9443230
9394058
9096610
9112160
9188002
9071472
9123652
8861686
9015634
8816454
8935584
8774862
8818524
8892734
8862140
8833758
8920424
8816796
8902306
8814214
9013918
9152034
9194092
9264824
9091320
9094306
8903128
8836040
8763314
8740574
9392698
8968160
8917430
8994960
8879584
8765274
8745226
8997456
8993486
8825952
8870522
8942742
8856910
8787480
8852768
8840052
8896648
8806638
9031952
8790428
8680798
8712070
8791486
8822454
8734308
8622052
8811900
8779924
8911396
8737554
9157782
9035154
8878158
8801602
8947218
9127628
8943306
9085194
9014146
8964166
9241140
8935718
9251384
9062652
8960748
8969914
8961466
8987730
8871560
8761270
8738384
8982134
9018346
8732526
8917334
8953506
8969718
8842644
8996290
8908396
8968288
8706250
8785156
8840956
8785470
8891754
9060056
9105860
8995628
8876744
8988148
8981258
8740864
8829080
8836064
8964796
9112506
9216732
9206226
8996506
9022378
9069674
9020514
9192290
9048226
8871104
9175702
9225130
9084784
8918968
9972450
9242338
9236954
9168598
9127930
8878928
8786656
8929530
8982518
8984552
9025606
8843018
8962260
9025590
8942046
8933322
8829878
9073378
9049736
8995524
9013732
8907936
8999600
9094870
9260126
9063966
8823960
9098054
8901922
8910070
9040640
9028128
9059482
9035252
9139438
9107904
9126636
9251438
9049028
8864880
8920570
9046634
9293550
9038168
9293476
9269230
9040898
8803482
9182182
9009386
8924706
9112934
9200350
9042424
9117194
9169592
8884590
9035306
9142988
9003760
9153580
9154204
8913682
9054206
9069030
9068220
9105068
8841478
9106702
9022250
9235248
9155452
9205822
8901584
9162352
9291076
9149466
9025576
9133538
10280220
9195644
9519122
9424132
9330998
9213278
9099036
9240556
9048730
9022968
9257366
9321386
9160014
9082442
9277456
9177516
9284132
9346742
10596192
9480172
9549200
9409064
9291294
9216478
9200290
9223392
9023722
9219580
9135812
9210484
9238274
9215932
9053760
9129176
9120060
9168288
9324498
9147566
9240906
9043172
9161162
9160386
8988330
9197226
9195784
9314540
9746938
9075190
9267288
9111790
9074600
9167434
9220994
9630154
9589678
9235362
9440740
9496754
9414296
9645284
9376144
9141902
9289856
9180914
9169794
9568392
9281850
9163478
9399350
9272516
9198958
9317274
9459572
9213950
9381056
9288206
9290206
9384508
9507562
9047692
9253394
9347582
9210928
9263956
9466352
9401056
9412060
9392460
9219604
9362406
9214240
9293644
9515552
9281074
9237340
9390876
9450588
9335782
9357212
9317880
9163428
9376360
9359312
9224108
9382258
9433118
9274332
9391506
9377380
9255822
9348302
9325898
10413962
9448946
9375090
9258978
9305316
9385858
9281932
9251308
9195004
9245496
9375462
9367936
9259830
9468664
9401518
9114976
9306118
9361496
9261360
9449536
9420048
9238482
9332560
9351748
9424742
9409028
9415018
9325600
9398364
9388458
9428158
9400344
9231842
9416524
9472604
9226984
9410840
9435394
9238848
9225378
9457838
9272192
9294050
9404156
9339024
9168334
9161228
9047146
9149772
9486616
9428524
9322592
9445390
9441060
9273272
9207216
9444466
9312068
9463218
9351804
9405378
9471120
9302178
9640708
9437896
9522780
9374094
9278872
9626850
9483368
9543668
9362356
9444696
9577590
9372870
9396368
9600510
9354708
9631428
9441944
9463526
9496122
9356862
9400626
9470266
9349928
9478272
9367282
9444836
9530318
9248406
9488106
9522176
9741488
10054018
9750494
9410858
9513438
9433742
9403800
9531272
9432256
9372204
9566290
9334846
9488720
9506374
9320518
9477196
9578620
9480618
9522434
9405692
9468330
9513272
9540590
9566884
9489628
9381552
9370562
9654686
9419408
9496052
9444858
9445234
9495278
9529066
9547174
9927764
9616448
9399730
9569458
9456242
9565858
9601530
9387894
9622660
9313126
9493914
9636780
9593330
9506864
9631334
9461024
9539402
9632542
9584286
9612632
9633176
9528186
9690988
9620476
9389652
9541778
9514706
9522306
9621454
9640014
9621090
9529082
9477738
9661648
9533568
9370852
9623524
9397602
9631394
9568964
9651322
9694282
9754582
9622810
9896724
9882668
9721796
9469754
9644100
9666974
9572618
9631348
9686578
9599258
9702714
9655820
10343546
11210102
10354634
10138062
10090162
10060880
9989718
10004562
9737158
9815260
9720936
9507368
9808450
9576224
9617086
9639272
9637678
9866180
9774302
9488864
9767968
9649840
9799530
9699986
9472520
9721362
9695302
9647188
9746684
9739406
9904402
9715806
9760456
9811128
9724592
9845948
9734980
9965816
10093772
9649574
9977038
9640014
9708238
9626028
9634106
9879268
9866766
9734398
9824770
9529136
9668512
9702530
9793800
9990308
9742554
9664234
9551936
9886552
9884510
9664172
9711144
9768604
9782700
9765940
9826216
9624672
9945950
9602798
9891376
9886098
9604464
9762252
9791124
9927060
9892418
9810896
9785046
9731350
9753492
9808884
9653878
9804326
9625108
9787424
9843292
9654750
9747584
9727750
9736960
9642138
9733742
11121420
10208102
10039660
10054730
10030210
10240182
10093736
9806020
9571744
9835546
9752930
9771814
9703784
9660462
9800740
9739730
9878840
9834924
9660406
10005328
9743972
9987320
9969124
9954696
9804484
9789324
9822200
9844864
9676916
9891538
9856424
9867804
11815984
10128484
9716868
9865944
9889474
9709436
10071480
10086714
9915090
9922112
10014488
10068348
9744410
9827238
9883526
9802484
9864116
9801058
10038536
9626860
9685046
9912150
9875058
10046382
9797788
10085176
9901372
9853404
9854278
9866130
9923008
9821828
9892348
9975926
9741310
10003794
9923368
9936400
9912932
9806098
9869088
10159564
10047188
9950116
9915130
9946038
9779696
9935958
9840464
10015226
9962298
9866150
9817304
9849560
9961428
9814896
10014350
11341062
10369888
10336428
10042832
9955158
9791902
9864982
9861652
10174604
9847568
9901566
9774792
9895920
9839968
10065140
10038008
10014726
9859966
9778660
9725930
9857882
9902332
9906486
9945322
9982866
9960260
9901782
9943344
9929644
9971888
9901948
9856170
10011006
9997114
10189056
9929834
9917952
9892558
10134042
10121384
9996238
10137790
10005896
9883820
10022950
9962510
10041030
10021420
9803486
9786670
10014932
10051960
9984008
10103398
10013366
10037070
9857052
9930928
10038426
9748166
10066192
10042436
10169784
10005596
10041984
10117968
10120858
10106484
10058886
9965622
10101502
10076536
10048528
9990742
10175034
9989588
10134628
10062020
10009532
10063678
9993136
10074144
10006830
10087540
10060214
9986132
10068126
10546568
10940936
10659652
10387984
10323002
10531456
10359292
10404626
10021622
9954844
10310510
10026180
10249946
10265972
10240222
9995832
10031168
10141268
9913422
10364014
10568696
10348354
10288764
10144818
10100708
10192428
10041180
10044494
10045858
10088672
10533538
10094714
10236060
10143318
10138218
10006698
10020770
9927268
10099052
9868512
9779058
9894130
9955736
10026498
10067532
10191022
10354690
10139330
10310450
10252936
11242918
10815392
10647764
10673152
10805576
10765570
10993392
10737984
10793436
10915866
10762574
10863608
10702566
10761500
10941368
10723626
10606566
10591148
11180598
10982014
11172140
10758890
10834534
11238940
10924396
11176168
13036900
12372272
14914084
12516504
18723852
14344372
13680634
16117336
12965802
21564822
13210748
15479648
16474326
12872302
15758482
12720652
15898292
12553410
15370214
12328646
15043352
12336316
15238942
12331338
15309514
12416682
14931670
12441246
15049724
12596744
15282594
12534440
15373968
12906502
15286712
12575088
15691442
12578904
15420534
12593850
15146726
12536784
15317112
12467142
15324524
12410822
15275512
12397304
15334186
12494808
15355574
12456000
15437294
12477950
15729324
12559292
15532068
12688788
15336998
12469952
15521574
12479246
15674500
12369864
15232724
12673122
15454068
12414832
15429406
12452824
15444672
12414688
15388244
12497056
15255856
12536888
15279130
12441682
15411076
12540268
15606926
12635632
15487268
12802298
15791490
12750806
15665552
12436498
18163846
12538108
18787870
12548002
13247264
12590240
12510368
12455496
12498040
12365580
11824094
11492582
11084536
10841420
10825934
10659636
10679372
10605138
10400276
10462260
10757850
10455642
10477668
10383302
10754940
10305988
10448200
10350278
10689110
10523860
10849426
10460910
10534050
10470122
10517234
10707914
10376806
10480674
10384204
10262438
10813962
10483582
10471318
10268874
10641434
10314890
10484154
11531474
11187620
11074864
10888974
10888358
10737634
10943700
10696640
10459122
10438130
10476944
10384274
10566530
10447054
10522940
10534386
10517044
10462862
10380708
11910326
10918238
10946648
10953306
11005450
10869296
10875786
10671060
10520786
10494406
10518080
10528262
10780198
10591952
10378334
10774688
10645334
10851254
10720296
10475268
10391016
10645504
10241308
10590108
10358748
10622264
10895912
10926044
10860664
10991034
11314488
11043662
11432922
11130574
11168536
11221866
11042768
11193124
11270604
11019948
10917580
10844122
10822416
11201886
10843992
10923788
10837816
10502668
10634760
10574878
10729518
11072252
10907436
10580588
10528514
10558272
10479082
10586486
10458502
10694846
10431376
10443940
10983460
12508038
11147290
11025498
10875200
10972366
11052324
11029670
10598414
10551148
10533898
10646492
10412612
10560420
10673320
10840500
10533894
10571286
10556294
10606162
10601864
10549622
10629292
10601884
10588572
10607086
10819278
10989674
10804386
10705900
10640586
10597268
10655398
10889360
10675238
10564540
10549664
10582412
10640816
10576726
10617806
10434216
10569246
10637218
10748996
10434788
10624062
10815770
10681176
10789548
10678586
10675358
10629160
10767224
10517670
10522554
10596062
10888100
10598060
10635876
10729158
10682574
10491932
10659988
10857884
10861036
11000656
10716508
10899394
10740662
10827848
10711986
10658276
10618676
10665634
10663560
10718646
10659990
10705588
10630552
10605394
10904038
10492412
12494952
11186054
11187052
11051976
11208496
10820872
10743632
10709652
10637930
10703520
10833052
10800618
10921070
10707368
10836086
10770034
11479188
11214886
11251998
11216694
11221678
11325202
11382128
11232618
11336436
11351992
11230008
11125256
11044942
11324138
11263324
11042242
11246476
10826804
10753782
10651124
10847048
10682334
10858102
10842428
10751010
10970772
10975856
10757078
10670318
10704362
10829918
10873940
10866510
10745174
10789232
10731590
11309094
10672660
10711492
10686154
11147938
10770666
10915912
10997968
10691642
10781122
10912332
10815842
10559130
10879764
10839734
10851432
11034926
10642732
10874034
10740950
10733652
10704664
10814070
10770540
10770888
10819588
10888370
11414760
12070080
11170822
11206646
10824948
10860452
10759412
10787838
10780138
10690562
10601948
10805092
10810054
10859070
11011078
10846548
10828216
10821616
10848694
10990056
10864392
11154126
10879566
11110692
11171442
10819256
12526448
11112594
11036268
10944198
10853974
11178816
10951718
10917820
10830220
10929574
10830360
10837246
10864250
10953050
10915372
10946902
10977648
10860466
10928048
10828212
10791988
10719340
10947638
10904884
10824030
10858504
10835810
11058916
10902138
10847742
11127102
11131410
11076590
10909212
10997540
11328364
11030170
11079952
10977016
11062082
10895986
11146050
11286266
11336442
11236938
11083404
10888552
10923424
11003788
11602008
11166768
10851468
10868730
11054046
11426586
11721916
11651822
11580110
11372936
11451774
11302482
11403590
11145984
11162612
11010700
11018666
10979510
11018138
10865894
11087782
11243400
11025526
11011530
11017818
11030810
10960980
10983026
11135706
11035780
11110150
11050468
11083854
11414132
11049342
10996742
10908384
10975866
10983924
10998254
11134296
11001342
10961442
11006474
11045654
11126158
11020018
11024160
10986096
11018086
11051840
11169528
11049816
11017206
11077990
10937770
11091112
11090990
11114886
11037410
11149498
11032084
11075602
11112904
11398642
11083158
11276256
11040102
11151114
11284972
11131652
11084856
11229726
11234494
11232630
11087324
11345142
11202354
11100260
11480336
17339530
13538170
13183438
13679724
12914062
12605372
12060162
11736686
11748558
11622288
11933432
11769924
11754024
11960350
11989138
11752074
12060772
11941476
11969738
11810360
11830828
11793086
11782962
11958786
11738522
11994572
11770672
11647486
11938046
11713148
11707478
11543472
11468020
11491666
11669324
11063110
10965808
11150538
11175998
11450642
11113080
11168974
11131134
11200822
11351124
11189568
11108674
11138676
11224838
11216928
11145332
11074316
11204328
11336472
11229556
11089222
11134732
11184362
11242556
11174378
11316778
11387780
11333226
11136318
11335974
11290424
11248340
11279866
13064830
11681150
11734228
11648858
11462174
11279474
11222872
11134594
11284142
11192424
11275180
12883104
11909848
11808486
11594562
11684892
11827706
11705456
11784618
11562864
11615884
11653828
11391942
11433390
11409536
11396444
11386050
11110610
11223614
11253028
11289612
11448262
11241116
11202688
11490610
11380502
11512088
11532568
11527856
11250190
11246726
11312270
11331318
11166158
11261450
11349486
11378926
11498100
11269606
11287688
11261404
11414534
11363370
11373932
11536316
11229248
11293298
11286848
11291218
11347188
11365538
11302992
11427906
11651000
11276952
11362074
11587254
11404024
11368406
11505726
11420620
11454312
11478518
11373388
11490826
11445680
11467722
11580700
11292120
11364876
11673400
11643478
11378954
11557334
11720232
11687062
11419684
11589526
13045468
11743822
11853412
11724328
11737214
11772876
11652638
11423660
11780042
11712078
11821668
11562410
11350540
11629976
11642898
11353736
11345840
11429244
11425308
11448346
11355506
13680966
11951418
11934394
11780794
11886416
12828736
12618930
12252390
12209784
11781752
11787578
11801976
11755964
11672998
11309356
11574834
11567636
11368470
11374730
11498590
11602948
11467296
11557192
11401494
11543466
11787600
11367436
11413420
11677706
11327612
11549168
11519980
11379626
11555878
11591114
11588718
11626004
11448642
11479778
11408324
11556394
11517852
11684280
11812546
11571862
11715374
11488006
11442514
11746346
11726610
11548202
11557822
11431366
11353338
13384868
11866632
11866332
12023446
12168778
12068464
12053754
12369316
14516776
13822724
13414292
12776958
12229974
12149884
12070690
11876908
11876748
11892546
11971562
11931272
11553602
11541824
11672044
11473134
11551298
11562120
11472340
11574898
11632010
11493784
11452214
11510688
11492212
11568322
11426484
11548448
11467338
11519160
11629742
11500624
11627102
11496012
11599850
11499544
11675964
11605764
11567806
11522234
11549450
11598608
11605342
11744840
11838852
11682720
11895944
11502740
19662678
11608302
11701550
11539010
11668272
11693610
11535376
11621158
11751810
12128290
11936874
11865308
11388120
11603728
11631528
11689818
11781872
12547350
13119584
12223626
11965420
11999688
12009024
11881074
11545280
11590540
11551628
11672644
11467772
11572666
11577572
11634524
11852618
11663828
11683552
11738232
11641024
11880444
11872444
11689792
11668826
11699914
11615970
11650274
11589970
11619884
11660780
11703402
11451704
11609572
11739134
11712860
11694674
11750188
11635092
11598934
11717730
11651544
11691090
11709322
11447578
11922104
11826928
11743156
11704660
11809648
11692918
11650788
11605894
11733014
11736672
11995062
11984954
11881588
11783408
11899494
11604848
11752038
11757390
11675720
11742460
11944732
11674946
11670532
12156442
12071188
12372048
12121400
12110332
12170724
11998114
11848586
13335020
13366672
13344710
12718766
12461088
12122730
12157910
12300926
12223734
12164128
12205812
12125708
11695878
11845014
12366510
12407648
12407172
12452112
12155764
12233896
12228050
12170780
12109252
12361838
11959632
11823382
11869602
11841356
11710252
11727748
11778394
11701028
11771202
12010034
11676466
11708416
11820532
11798692
12033036
11878738
11736318
11738464
11846612
11823454
11952646
11862016
11958994
11769944
11685872
11782966
13276130
11935788
12137408
12188010
11988312
11972156
12162468
12044432
11947394
11927946
12144278
11844190
11887624
12123034
12045392
12296434
12233674
12241634
12213252
11986228
11856482
12039524
11956910
12721026
13377666
12935570
12612466
12701858
12309198
12257836
12248188
12316178
12496842
12063576
11878678
11925182
11853358
11901640
11732614
12182020
12186714
12682460
12460220
12402674
12324542
12390200
12337248
12321724
12262146
11847360
11859590
11935382
11853868
11948644
11887284
11951320
11855674
11936582
11711072
11831146
12122960
11939610
11852232
11872258
11996008
11862874
11922160
12032638
12021200
11943744
12103706
12060360
11894322
11968888
12061424
11935432
11849760
12078510
12090340
11901326
11998478
11995678
11790442
11846108
12008100
12131854
11938122
11909270
11957148
12045068
12068416
11857056
12115094
11929778
11916336
11876208
12032376
12883870
12436714
12395746
12594754
12509454
12443176
12466214
12659768
12264688
12038172
12105676
12127400
13301314
12453022
12422502
12456980
12561698
12479202
12611032
12444680
12384060
12324760
12142830
11984324
11983512
12073968
12206294
12081744
12094540
11913806
11944548
12066202
12115450
12076888
12500344
12580626
12486308
12328212
12035406
12112326
12076672
11905222
12073758
12182044
12211966
12244048
12142694
12138216
12291290
12534544
12526762
12361932
12731286
12575680
12550210
12160560
12046746
11993300
12093768
12127090
12115538
12363156
11997050
12165864
12111160
12004572
12193802
12124216
12125372
12192044
12340958
13025660
13818270
13419472
13090466
12866996
12694574
12624664
12549120
12765194
12568980
12565906
12658264
12307450
12225632
12442200
12701578
12697476
12471224
12035888
12103482
12318460
12361032
12131514
12203740
12212062
11969266
12070940
12327226
12151648
12060352
12053720
12193270
12186970
12177138
12396590
12348284
12290706
12083012
12062138
12183766
12188546
12198476
12166828
12256524
12357688
12274552
12355830
12252400
12432652
12629088
12704270
12639174
12736504
12709388
12742688
12679576
12661702
12472480
12461706
13036772
12699378
12649940
12642256
12672108
12514926
12778882
12272746
12150426
12245350
12330026
12174802
13565018
13474680
13372252
13001568
13134932
12708936
12671966
12895376
12658068
12918208
12695178
12480352
12682026
12519654
12236778
12424290
12310204
12683366
12943488
12803606
12709290
12903894
12571132
12417472
12354796
12333276
12392310
12405692
12381232
12283844
12276198
12198838
12120708
12426706
12423574
12332194
12348384
12264620
12339156
12263402
12365160
12271824
12333882
12403736
12519478
12433466
12490662
12491256
12581358
12863446
12740632
12783704
12777460
12874408
12554568
12606778
12444254
12325352
12511810
12299242
12788592
12509914
12414894
12378076
12385968
12689910
12473274
12338644
12310610
12376954
14302076
13475094
13186872
13199876
12821052
12844700
12927526
12832808
12776372
12794478
12715186
12629498
12420980
13985628
13322346
13160914
13043790
12827776
12920268
12859124
12907842
12828170
12827332
12823776
12883176
12749566
12495724
12460940
12338386
12394592
12232586
12398570
12482688
12425930
12558598
12593092
12844860
12713390
12684952
12518738
12272456
12358060
12454402
12478594
12497882
12663062
12638440
12471684
12601494
12846600
12709606
12775122
12928076
12705056
12701544
12913544
12650646
12322646
12520592
12798252
12940156
12731444
12422034
12487228
12472220
12791720
12522778
12576532
12800876
14800426
13491746
13247296
13161178
12864742
12941928
12938892
13040340
13549732
12991894
13035382
12893774
12906352
13144092
13054374
13035366
12872534
12656126
12546662
12537770
12295768
12375140
12548418
12589882
12592724
12571460
12505460
12468498
12483788
12578560
12478008
12837098
12827906
12498104
12736758
12604208
12842178
12635492
12715394
12708726
12788106
12471290
12518396
12582928
12648778
12816788
12667294
12875520
13089590
12821434
12932602
12770344
12835382
12603888
12478124
12620904
12671194
12629728
12760316
12944854
13020568
13012388
13062602
12866644
12883594
12664400
12651710
12871048
13167462
14159812
13283788
13039272
13261306
13269404
13212434
13132180
13239456
13039282
13056294
13031164
13026844
13237884
13160648
13328974
13056626
13383620
13056236
13031418
12826864
12884242
12738558
12517320
12677096
12866020
12637714
12964102
12931180
12830472
12718308
12918114
12708404
12909226
12655968
12639028
12744788
12726714
12896534
13037228
12602522
12854354
12846938
12711972
12988118
13175624
13304708
13163952
13181364
13143018
13033498
12858174
12816728
12760696
12748528
12765076
12913008
12787220
12841362
13124806
13203650
13232640
13204024
13246924
12959272
12982774
12941704
12711250
13314696
14174408
13748796
13409038
13218548
13294446
13199468
13201162
13283642
13308204
13207062
13152616
13236192
13396634
13200964
13300130
13067874
12840080
12820260
13105604
13021490
12909956
12658662
12679808
12703426
12997598
12844170
13074462
12605866
12759808
12847762
12907734
13192488
13246224
13436748
13145870
12874052
12993814
13397984
13086306
13222064
13511168
13271706
13510704
13275140
13375262
13341084
13425256
13315740
13268852
13269656
13266394
13232110
13283646
13301718
13451580
13345178
13285760
13316566
13409278
13304990
13307010
13393526
13292484
13174456
13078520
13667986
13815398
14564328
14123100
13814084
13661718
13402044
13303898
13341296
13373382
13348252
15022752
13895046
13688016
13598918
13554020
13580216
13350054
13345586
13421598
13379494
13534762
13376618
13435408
13519466
13383690
13379142
13358182
13362864
13458822
13358588
13300050
13291186
13192076
13416762
13417692
13389240
13385080
13491916
13400514
13431170
13672176
13445286
13406458
13481320
13465468
13391550
13411844
13507818
13490308
13473826
13651482
13483454
13493060
13509186
13460824
13436190
13529574
13424070
13652818
13507804
13434842
13449612
13659816
13667002
13510426
14368660
14828742
14493994
14089748
13811900
13646130
13496062
13460230
13449400
13483838
13728022
13542722
13509902
13513964
13479312
13498252
13469822
13579118
13484000
13449376
13464338
13409674
13283458
13147094
13285638
13161878
13384848
13499918
13508066
13480886
13420630
13349096
13339930
13706332
13525842
13203628
13367154
14969452
13726884
13837818
13728278
13699048
13658540
13493296
13599678
13519204
13572752
13512896
13501312
13538272
13629014
13572364
13581604
13655878
13566064
13715098
13607562
13773000
13652938
13665848
14236070
13745268
13682402
13682118
13729426
15393958
14922888
15511452
22022696
16590844
15905080
15359662
15234736
15019250
14306352
14004764
13950992
13614586
13587176
13573540
13497536
13335908
13175168
13153810
13048926
13574038
13383710
13397786
13447028
13526106
13421892
13136388
13210850
13395612
13434676
13160102
13157414
13447130
13209148
13688868
13561188
13572032
13706512
13274104
13750102
13842698
13565970
13724776
13186788
13197880
13490832
13373264
13347908
13629586
13690452
13245060
13525958
13478634
13822536
13637112
13613828
13046630
13230132
13346762
13393492
22380300
16986720
18804932
18951184
22538490
16167980
16090896
15722452
15277172
14897250
14292034
14294204
14639824
14258706
14113334
13756776
13954568
13880130
13734016
13742228
13872834
13949150
13747194
13800350
13997612
14002904
13733294
13789636
13733298
13803048
13753410
13768262
13846222
13871152
13747216
13873468
13821770
14465610
13906558
14094584
14087288
13781696
13912680
13750122
13770598
13786044
14019964
13744558
13724476
13739376
13754830
13769820
13733548
13660924
13775562
13753400
13785794
13792464
13811732
13764326
13736572
14034216
15178234
14971894
14560330
14259162
14126864
13965140
14036182
16036980
14725906
14246086
14346188
14510340
14160874
13931216
13805604
13802464
13796342
13800566
13811468
13825748
13999770
13804512
13840428
13924306
14039918
13879588
13855774
14602492
13853958
13860694
13837880
13846548
14067706
13845598
13813454
13897822
13923816
13926712
14029068
14151824
14029694
14009124
14119394
13937236
13876358
14139606
13849574
13878414
14087798
13886728
13841142
13846450
13823980
13882630
13924460
13918792
13935864
13980514
13962178
14030970
13999468
13897618
16242580
15128712
14654440
14594834
15179022
14687686
14307414
14271376
14092012
14236920
14046004
13899960
13891472
13961160
13909580
13895724
13931408
13904452
13903770
13913324
13918844
13995144
14013386
13903820
13821702
13947570
13944822
13899346
14230232
13997340
13960208
13931744
13903878
13839982
14000836
13984092
13955296
13957070
13969372
14096186
14032982
14051614
14045450
14044418
14084530
14047042
14053230
13969546
14138850
13991472
14143786
14136746
13978616
13988716
13985140
13969990
13990736
14000444
13985238
14014544
14047336
13992006
15919870
14383852
14385050
14272262
14040298
14032346
14124522
14154916
14110080
14119648
14050184
14222804
14296136
14039776
14032560
14321728
14030462
14062628
14149076
14024608
14084696
14169210
14284022
14146472
14104082
14086540
14089812
14093848
14084522
14132674
14383052
14113294
14098252
14110664
14103318
14206848
14202526
14204408
14335850
14165912
14163366
14380332
14380306
14187576
14204130
14234694
13779438
13725136
13847692
13808462
13670102
13916626
13900676
14313116
14207648
14103202
14109564
14332172
13946924
14068424
14087236
14013908
16082326
14798064
14619040
14307242
14211232
14381446
14431206
14223990
14206624
14263980
14242594
14130980
14136740
14148314
14163576
14204734
14166642
14266500
14267854
14242592
14107904
14134166
14146386
14138026
14155464
14153492
14143858
14225976
14230188
14225516
14281790
14245154
14250280
14284676
14270446
14178956
14193708
14244502
14286348
14340964
14264366
14200532
14205766
14161206
14226640
14221964
14238426
14178394
14182198
14194186
14150560
14183026
14244428
14206512
14193906
14349018
14212040
14212358
14206234
14264628
14517848
16097094
14765758
14611634
14287734
14392344
14431432
15221602
14654370
14586438
14405990
16034448
14989540
14636514
14665446
14565758
14293286
14355514
14259698
14340110
14250752
14293026
14283282
14267894
14245664
14241822
14311458
14268858
14297720
14331818
14432234
14365834
14496612
14417170
14403292
14336138
14334282
14352750
14413544
14275192
14758776
14343786
14297324
14477140
14318764
14437630
14297312
14337714
14306672
14338888
14361762
14353888
14346456
14337676
14292302
14388254
14534710
14536978
14374676
14390042
14364482
14651720
16167956
14953382
14665728
14422474
14470892
14459154
14639432
14556016
14486762
14456380
14463214
14454460
14567902
14408770
14458986
14430130
14466612
14382648
14742592
14926806
14798284
14800832
14603942
14396006
14437566
14402530
14407126
14423544
14414712
14401934
14383930
14422682
14479024
14486728
14698724
14753350
14550112
14685332
14648576
14431832
14710518
14788216
14606940
14454940
14430624
14467096
14468104
14447236
14448916
14449470
14491034
14499444
14482306
14478548
14577682
14609112
14455472
14461226
14508394
14551970
15890902
15338798
14957960
15137502
15059048
14731494
14830254
14763404
14831280
14500318
14584350
14488916
14489022
14506954
14549720
14494736
14523496
14521272
14736820
14693976
14611992
14533682
14564398
14506998
14702728
14518418
14802008
14534136
14532240
14593666
14518352
14761218
14741314
14632524
14543172
14710206
14644302
14574156
14581902
14558276
14585418
14549274
14545980
14622672
14582034
14566930
14586004
14651368
14592100
14622774
14594536
14651590
14656442
14631198
14677608
14735846
14654248
14664920
14650134
15416210
16062778
15673976
15431650
14978742
14926386
14925580
14583762
14664686
14681644
14686432
14596618
14648754
14616404
14714964
14655546
14630160
14757526
14699270
14707270
14672700
14647980
14562156
14650762
14655868
14666112
14680698
14647428
14684314
16144334
15217090
15246576
15600262
15371208
15163112
15548156
15304710
15075098
14906982
14758092
14869316
15176274
14860974
14709202
14721626
14704908
14710302
15343900
14727114
14702208
15184700
14723174
14731100
15280580
14714238
14968544
15818844
14682358
15885270
17017954
16255516
16454090
17152112
16400458
15969152
15915310
15464744
15403368
15287226
14982328
14783234
14732390
15040138
14728008
14713490
14730538
14764998
14800366
14759302
14728814
14955376
14973428
14727500
14727148
14774468
14772558
14770230
14806830
14793294
14791816
14733896
14976440
14908702
14885126
14795112
14920880
14810154
14683172
14966726
14744386
14893134
14784852
14806648
14750066
14845638
14789638
14779250
14826366
14983752
15244054
15031874
15073482
14976424
14839726
14825482
14810840
15622892
16731770
16099880
15657560
15420660
15206948
15112546
14967490
14812476
15242746
15212272
15210702
15094914
15025512
14919082
14959472
14938336
14928090
14849026
14821036
14852898
14877492
14819600
14889220
14965930
15086022
14879244
14959698
14967774
15017702
14836522
14847710
14861422
14925272
14952180
15148436
14942012
14853608
14880648
14868580
15058112
15185030
14864602
14880414
14885614
14876554
15141424
14891318
14914014
15166320
14987662
14995718
14863380
14998680
14939970
14936196
14944876
15143702
15856758
17007028
16344094
16205112
15760132
15602394
15355012
15373940
15187144
15116296
15024864
14932762
14978496
14933768
14957582
14913762
15037632
15077812
14996430
15000816
14924064
14983482
14966482
14966964
15017352
15101922
15242752
14970532
15007130
15201416
15141474
15127218
15172048
15105480
15098962
15014138
14978268
15034658
15332824
14984824
15009642
14984912
15035486
15067886
15017994
15087166
15139990
15065932
15311008
15191702
15039766
15194210
15049258
15148476
15036072
15085302
15139552
16190098
17456628
16728380
16228582
15934194
15711568
15526200
15491678
15303952
15434900
15563138
15451684
15394210
15381584
15200474
15075076
15110086
15081454
15111986
15159788
15146870
15136834
15180200
15546512
15508812
15509344
15579884
15502312
15545292
15398986
15395262
15263002
15167882
15129250
15193366
15120524
15158286
15142594
15184072
15146836
15191562
15229324
15056736
15178016
15438422
