23538
17232
16384
17386
19008
19992
22950
25080
25642
26750
30532
32522
34044
36350
38962
40832
43230
46240
50470
50684
54606
59700
60046
63626
69294
73452
74134
81480
83758
87886
103354
98884
98918
106792
107950
117598
114468
116622
155358
125244
138164
136572
155620
152426
170774
158802
168242
157248
161752
175262
178278
177584
199088
197640
268006
203850
212674
207094
238524
230744
251848
307644
244124
256604
254458
261766
264494
281306
281160
290856
290840
298350
311474
321402
316598
329618
338838
511530
531894
516974
453018
424768
424366
536848
480706
528168
440434
380936
507110
568884
561238
579664
584454
581524
589650
598324
628076
619934
617982
677498
639962
645548
660726
704964
673444
680324
686612
727730
715510
691038
696146
657420
667438
712012
683128
681216
693978
711140
711652
713762
727158
727662
746068
581210
650234
526366
504128
502166
506718
514338
536982
528860
531770
560082
616008
672782
451572
349136
325490
328260
333550
336982
347136
340904
345866
362692
355056
364208
361294
373456
363966
368206
373418
376398
378096
384546
392198
388762
434314
410922
402360
412812
411628
440092
431570
457426
414548
413054
417850
424400
429880
429142
432436
437346
441740
443806
468424
455560
461070
464624
469750
472466
484210
489790
484016
484434
494788
498318
503848
508810
514242
516854
521228
519830
529482
535176
536388
539460
547802
549954
554130
558592
569106
566966
573354
639650
691434
653146
576928
588648
595726
581456
578854
581842
607786
619092
604490
609568
668884
614258
616482
626240
641988
635828
644426
698862
643258
649982
647856
654928
678948
664446
672620
673662
689796
686082
693084
697232
704740
711998
718432
719210
731900
740866
736332
741696
746424
751582
762532
765108
766770
778062
816680
787590
1004280
979924
810802
912128
962496
862302
851240
980438
867046
872674
863858
916250
919936
896042
914174
900206
912290
899338
899032
905492
908442
920896
920876
939752
933378
972030
947174
953974
957306
963614
969430
992044
986986
1024840
994426
1104626
1060116
1106110
1083664
1071084
1113342
1101956
1099232
1126014
1119794
1127988
1132188
1206496
1467602
1328398
1214216
1290918
1559510
1281106
1141598
1276674
1151680
1161378
1161892
1196456
1216884
1203394
1288628
1287944
1306310
1301230
1293518
1328778
1284974
1365578
1313002
1338668
1322568
1325182
1319712
1346664
1318784
1354358
1359962
1368686
1353714
1388948
1372072
1414394
1383758
1415380
1476156
1642944
1505478
1833466
1488678
1839780
2082030
2069658
2066236
2051908
1868984
1503092
1456150
1498062
1486194
1504480
1505126
1520812
1502732
1541868
1518272
2098054
2163770
2219188
2134912
2308458
2377066
1666914
1591982
1651792
1610814
1634516
1621700
1667962
1654218
1665934
1651556
1682348
1673278
2125314
1777748
1777884
1725610
1815604
1786992
1824052
1776752
1768026
1772286
1783034
1772936
1800214
1808188
1821274
1804866
1831400
1858318
1895458
2388780
2344006
1986658
1925110
1992856
1973338
1943320
1939718
1931366
1954478
1942040
1984094
1988296
1925136
1920368
1965468
2169056
2017388
2011254
2053124
2037262
2102050
2036588
2039192
2018492
2034394
2047972
2070422
2051786
2068758
2086796
2062860
2028054
2200460
2279100
2323366
2272842
2298536
2311014
2242410
2227996
2264492
2243014
2198598
2194636
2231868
2217120
2169582
2360584
2279654
2285954
2361130
2423348
2351682
2312424
2306528
2332994
2336342
2335060
2362186
2338274
2294482
2513706
2498110
2447906
2475380
2540574
2442236
2435536
2466354
2456094
2458950
2342464
2356430
2358748
2366576
2936100
2638878
2589266
2718132
2569426
2508826
2530846
2520164
2523014
2549900
2537290
2672690
2569528
2999926
2848814
2914706
3618904
2955760
3922700
3387036
2900212
2825392
2828890
2882658
3244496
3052028
3150636
3222172
2967038
3059570
2924700
2948042
2965724
2962130
2955490
3405338
3081834
3080078
3134504
3081230
3024516
3056896
3042372
3086980
3090178
3084460
3735320
3351118
3171672
3254206
3210918
3166404
3148612
3165782
3195960
3177708
3603074
3343820
3318020
3372652
3332792
3265606
3271544
3271934
3305246
3203618
3640866
3595234
3551088
3438560
3485320
3413420
3394134
3416652
3352902
3332372
3756312
3626914
3566010
3617518
3509158
3508496
3413530
3432594
3435424
3571398
4160036
3843212
3701036
3720542
3619352
3658350
3668276
3540994
3636044
4080162
3966146
3797834
3872174
3739606
3764426
3640896
3658338
3670584
4326134
4092400
3968048
3947338
3860036
3801560
3758912
3791558
4150192
3970676
3908054
3979712
3845262
3864648
3858882
3847196
3672866
4168036
4173494
3919782
3973684
3972858
3860902
3900092
3880554
3826586
4516836
4316718
4039108
4076924
3950602
3983006
3973828
3999366
4335382
4219352
4302730
4165172
4062760
4054050
4081120
4097222
4557286
4412494
4477686
4378900
4279390
4293886
4199558
4086068
4642690
4861300
4695248
4532894
4475532
4394816
4420562
4805376
4732634
4867776
4732308
4632184
4566612
4512912
4512824
5327356
4928584
4851688
4722260
4654000
4606558
4630394
5080168
5154000
4943702
4909518
4776308
4719786
4923914
5415706
5224034
5462630
4996424
5254734
4917136
5205332
5163142
5238742
5162462
5006300
5010762
5042308
5606596
6040400
5787898
5295376
5508228
5212066
5731044
5550468
5888548
5221206
5237714
5373232
5583728
5610196
5540470
5400996
5271626
5299538
5589814
5703450
5531576
5477152
5374504
5392970
5473966
6491460
6035114
5630974
5489536
5507624
5696534
6182728
5740670
5564636
5542764
5556188
5940688
6782638
5846416
6005008
5648626
5665830
6208364
6093136
6129340
5752670
5748842
5768000
6631680
6567626
5945178
5855678
5834686
6103832
6607140
6193050
5946872
6058344
5994708
6628794
6460340
6129900
5970746
6011590
6144024
6796924
6355668
6079888
6088148
6101084
6721216
8310536
8512234
8358630
8342630
8598358
8213470
6369062
7400460
9459546
9076200
8320814
6276234
6511822
6700978
6511546
6576472
6340712
6753784
6620506
6613136
6268940
6268600
6387170
6957904
6548052
6178720
6344250
6395128
7019894
6473518
6242600
6284394
6100110
6859062
6888562
6584516
6360036
6176326
6844738
7115348
6801936
6469442
6549992
6704822
6911624
6908848
6401836
6346844
6699766
7373282
7033224
6495524
6415044
6966186
6980256
6817092
6539202
6409246
6567250
7392996
7012234
6646032
6523030
6463922
7306822
7144064
6803244
6762330
6743282
7185450
7203980
6865116
6603712
6760026
7476186
7272176
6975374
6695920
7089370
6931894
6822706
7557726
7776714
7656256
7424824
7199476
7145954
6911334
8015564
7663312
7190022
7172514
7582676
7573028
9140046
8530584
7996776
8656820
7983346
7823296
7811646
8978402
8167708
7883208
7779706
8204032
7892450
7762948
7472188
7981946
8095394
9005728
7800674
7839756
9276346
8225024
8681016
8303628
9446202
8691146
8225318
8505562
9110562
8389604
8039990
8164000
8641606
8342654
8058058
7952872
8476190
8141530
7878200
7631248
8660994
8381616
8033818
7898750
8499780
8528268
8099274
7972816
8343272
8315756
7904572
7771956
7924870
8207430
7875138
7848498
7948766
8889126
8431208
8194172
7978944
8910108
8654090
8344174
7981654
8821780
8701550
8357382
8131334
9708736
8746724
8332962
8523880
9050694
8813864
8417822
8422670
9258390
8771174
8493786
8690552
8973226
8681778
8470200
8682556
9462878
8740060
8607262
8924060
8998476
8605794
8248256
9146598
8891420
8315578
8327558
9402422
9199976
8552040
8386290
9474480
9193670
8936018
8667058
9658390
9222400
8878320
9164086
10169490
9292604
9404728
9979282
10140068
9505558
9451806
10891484
9713680
9463600
10067100
9766112
9242880
9395396
10384780
9442354
9360674
9807666
9751682
9262302
9081422
10456634
9708810
9445622
10226056
9871772
9434440
9124718
10625044
10228638
9579152
10038374
10064080
9624608
9232428
10643462
10004598
9700688
10084080
10175952
9625350
9626200
10685040
9822706
9367300
10562140
10502314
9908742
10133848
10565704
10004576
9770530
11088054
10436966
10068490
11233720
10415688
10126660
10474580
11329814
10214590
10317030
10695762
10309660
9816670
11394268
10309804
10339624
10906996
10731594
10393870
10874278
11252044
10469868
10542096
11483540
10510564
10358236
11902208
11003412
10493530
11226588
10662198
10350798
11347780
11113720
10342722
11022700
10903030
10571368
10826802
11455202
10590408
10839256
11044406
10721262
10488334
11638172
10784842
10419620
11479764
11060934
11262800
11426866
11060244
10764946
11670048
11180458
10856314
11608502
11349594
10986518
11455476
11299030
10856344
11655992
11510104
10917016
11547538
11744812
11167340
11436860
11685604
11153360
12008202
11673836
11073872
11666738
11974282
11334518
11770744
11759228
11274846
12265422
11856504
11269592
12455844
11774642
11382590
12322652
11891330
11576260
12243800
11916306
11497142
12612844
11940740
11502430
12704200
11838522
11781322
12678504
11850732
12257424
12302248
11667066
12752034
12479048
11949158
12749884
12295770
11810330
13184120
12342882
12207612
12825142
11985190
12771846
12807022
12049530
13275612
12385426
11908638
13424986
12404260
12599514
12800866
12100788
13445108
12690210
12183472
13618902
12449930
12605652
13258784
12319248
13663084
12883566
12529362
14410090
12946148
13559210
13806072
12687526
13869382
12957258
12652852
13987586
12833336
13125306
13219912
12606854
14393200
13024286
13409496
13348924
12861062
13918954
13292940
13660248
13564900
12951958
14142060
13366584
13608974
13688184
13070260
14544960
13518926
13309604
14429508
13177506
14045380
13608396
13396874
14782016
13315406
14565392
13760336
13931774
13819070
13290010
14364030
13691076
13988132
14921868
13637118
14365932
13909400
14119816
14425540
13640098
15010344
13677890
14559094
14148114
13595168
15224474
13859930
15015274
14244568
14690836
14627986
13942702
15412098
14100214
15106860
14449008
14217178
15255548
13999224
15337656
13901136
16630354
15588712
15311194
14884326
14622568
15191126
14401966
15210086
14381014
15269134
14929884
14788904
15597488
14380414
15794514
14662068
15366354
14984148
14837682
15269376
14548398
15760274
14589604
16266462
14812466
15394662
15273072
15442700
15467826
14763022
16247934
14859656
16153040
15025114
16090990
15306232
15942514
15312156
14830276
16832184
14976720
16814794
15084734
16840102
15370594
16232344
15457762
16023470
15359266
15673904
16207596
15457898
17063994
15406668
16527490
15135146
16365926
15373966
17095858
15834610
16621414
15761224
16671306
16119582
16336908
16108508
15447938
17494248
16277024
17170966
15811360
17849712
15958602
17763286
15662876
17032544
15869534
16973578
16438064
16835862
16819184
17045168
16562126
17558250
16555584
17317244
16928088
16838932
16672946
16756618
16833266
17029382
16910548
16876856
17291748
16971922
17101534
17115772
17307026
17135546
17357740
17442864
17674374
17223662
17257370
17663506
17300802
17462612
17433962
17469010
16974894
17945928
17029604
17755812
16936630
17984492
16971528
18031864
17142142
17880302
17636976
18256136
17535936
18113192
16893584
18642322
16976822
18705924
17939006
18265332
17000894
18926446
17062586
19376424
17474020
18113974
17908724
18705834
18496876
18522810
18799108
18062130
20095328
17936704
19756186
17772660
20038178
17796294
18973904
18463408
18161808
19174122
18239020
19254610
18187492
19584036
17760690
19550160
17837844
19606406
18866310
19262616
19163286
18411500
19846662
18127046
19793676
18037354
19295028
18111820
20111176
19159064
19447466
20065650
18411372
19777970
18627262
20748994
18762336
19909988
19855546
18935698
19665538
18463546
20163268
18608796
20599272
19662118
19507984
20075988
18705798
21880700
19553368
19961132
19962210
19287782
20857792
19010018
21258506
19618794
19604898
20605158
19277552
21267248
19055614
20888826
20399174
19614906
21050362
19686480
20984026
20408182
19935914
20770586
19610020
20695158
19555426
20627220
20398650
19707490
20500982
19680720
21557824
20294946
20013822
20876028
19701908
21311330
20695654
20507664
21063192
34029560
20595324
21429278
21302516
20747302
20989306
19910970
21745072
20628812
20489362
21324620
19976232
21921172
21595214
20642574
21459456
20235222
22341440
21520418
20429214
22130332
20911886
21812396
21669990
20367576
22266080
21809050
20799506
22160934
21609566
21535386
21750402
20927196
23855928
22312948
20689138
23061316
21622404
21417382
22150996
21501206
21989080
22431074
21020322
22357282
22447984
21474112
22705862
21830290
21453296
22741926
21723652
24898912
22883788
22303966
22510942
23370386
21774866
23314124
22958520
21601582
23700724
22716458
21660572
23188678
22665242
21767490
22996184
23135516
21826278
23488516
22687158
22080556
23254386
23073182
22150384
23796704
23150694
22287248
24324968
23373836
22394214
24010136
23692760
22293510
24292360
23519332
22368280
25120096
24446224
22747918
23652298
23663724
23458162
23023226
24425036
23649196
27395986
35732380
33881152
27320330
26439846
24969818
24538738
25097360
24545778
23376758
24798148
25052620
23968648
23507250
24640956
24156464
23411086
24838670
24276456
23229900
24612192
24759358
24075478
23805184
25619976
25063212
23660616
24780050
25565394
24541768
23980664
24906702
24500372
23713914
24883330
25408160
24885086
24046738
25183030
24675818
24182146
25383048
26118118
24918562
24863946
25840080
25923314
25012654
25791154
25898912
25738794
24342568
25760978
25415550
25220756
24753258
26181144
26056016
25335756
24701388
25991602
26357828
24886824
24756634
25761510
25644618
25241020
25290224
26300360
25541792
25536458
25407960
26381016
26162470
25047202
26232544
26657138
26013076
25194592
26742774
26792854
25935722
25810330
28016806
27962608
26936304
26901266
25723462
27644118
27438486
28779542
26707284
25857048
27313260
26479582
26187352
26333844
27028026
27591086
27595272
26609878
25874700
27843866
27436150
28189848
27708294
26866570
28004788
28031314
27433006
27253716
26708654
28088020
27999696
27962902
27626376
27027636
28265726
28245748
27900214
27634244
27687586
28635746
28491298
28343050
27857118
27300964
28070672
28340790
28531374
27982714
27630420
27754018
28388330
29909062
28722526
27856432
27391524
27799372
28516386
28508904
28110246
27699416
28431350
28481152
28995254
28242446
28122918
27477718
29303786
29454640
29278430
29065352
28857640
27694052
29533670
29208286
29191294
29961428
28678132
28243694
29273738
29838746
29905794
29302912
29259510
28886646
28483572
29844124
29268194
29130964
28652480
29043050
28699820
29635896
30079056
30374434
30355664
30224368
29676586
29093766
29515946
30144156
29743812
29846542
29429242
29565980
29397148
30226534
29902868
30456176
30818896
30253480
30332886
30406320
29740716
31103394
31307604
30697932
31137960
30286774
30472040
31045930
30503098
30151014
30684546
30729240
30906494
31223746
30582504
30305900
30085132
40967938
42929626
35290742
32487742
31954918
31608584
31409984
31382746
31064940
30171166
31301700
31762882
31610930
31226782
31182634
32081424
31113348
31593042
31222094
31057330
30933768
32223244
31506770
31457258
31246098
31734340
31414920
31446428
31601970
31464582
30740524
32124402
32305292
32361894
31828830
32007620
31680120
32345424
31767746
32003804
32403480
32174824
32616708
32944876
33022664
31963342
33788824
34590098
32786104
32890968
33351028
33305154
33224898
33676260
33071426
33090612
33058140
33313784
33261866
33197696
32743446
32970800
33129776
32841810
32889144
32812900
33550908
32571204
33284066
33117278
32809260
33209124
32848030
33384092
33361594
33622694
33617190
33867110
35909678
37241194
35099764
35086582
34529844
35246526
34375344
34021170
34191652
34062904
33535550
33882038
33656270
33858666
33880348
34034730
33858752
34310530
34420720
34285196
33896886
34141468
34251852
33929654
33922786
33966132
34005574
34039124
34977648
35330002
34395778
34891328
35173974
34981882
34619602
34715926
34738532
34625172
34593528
35089624
35254398
35470704
35539712
34769660
35090898
34838380
34842240
35237642
35515540
35165052
35203324
35323548
35447364
35491652
35629706
35561868
35763850
36060442
35906426
35848118
35624988
36168794
37201118
35982346
36575854
36177180
36564834
35930860
35766456
35663880
36166686
36375116
35821028
36016150
36043420
36357110
36375652
36258076
36046028
36467650
36500680
36010294
36239708
36436576
36641932
37067906
36504260
37209124
36644206
36934040
37236044
38050142
36856476
37293138
37142544
36869158
36867238
37107446
36973600
37517582
38592494
36780262
37009528
37059906
37129326
37249262
37421564
37397776
37380704
37294036
37954496
37850394
37905634
38236776
37534544
37636016
37585428
37702152
37635280
38994692
38386312
37929988
38474712
39505548
39163406
37911462
38511442
37985434
37827864
38487192
37990316
38899802
39060816
39292680
39032290
38588076
38294208
38206256
38465256
38739224
38536792
39515910
39453424
38689058
38492550
38972938
39080120
40123030
39551140
39532062
40424326
39164692
39243538
39050978
39282276
40182994
40300368
40181270
39696754
39706474
39589594
40062346
39718754
40916774
40094632
39464248
39737816
39900172
41080284
40322272
40399198
40099232
40112146
40759382
40188802
40636772
40762088
40824758
40306624
39719140
41369904
41221626
40827048
41189468
40883046
40912796
41418028
41107524
40605322
40542976
40996998
41236614
42213330
40845866
40304588
41757018
40981252
41556082
41508912
42524380
40936140
40968950
42472534
41627022
41091672
41419436
41139774
43155340
41435546
41284550
41484200
42035036
42509350
42168686
41954424
41620500
42773810
42271596
41926438
41751928
42302622
43317272
42334094
41643014
43309004
42049510
44986604
42814896
42381388
41883482
43758512
42858040
42449514
43266232
43456314
42926772
42558424
42804662
44486274
43452164
42371908
42789840
43231486
43238362
43238512
43350276
44372160
43638072
42704464
44406236
44279690
43300982
43467796
43427322
43934564
43407072
43270752
43411312
44809624
43970524
43854806
43428816
44822698
44048356
43978142
44414970
44470400
43763784
44984398
46388432
44536192
45253090
46409680
45705716
44230228
45246068
44538910
44092544
44285768
45601988
45887320
45025076
45792462
45307878
44654682
45240744
46218986
45128332
44732592
45713946
45000238
44978812
47020272
45748288
45791752
47800320
45891346
46066822
47521968
45963982
45816420
46695028
45893924
45098876
46819280
46100212
45589378
47394472
46186198
45572076
47382770
46567072
45843834
47684956
46596234
46357886
48457404
46618940
46626156
47243108
46430994
46707872
47179442
45870346
46853294
46633376
45915300
47275706
46528524
46345240
46997788
47295044
46529228
48133134
47377180
46575532
48757736
48127604
47306692
47729120
47231508
48746718
47412146
48234446
48580536
47135190
48715146
47360928
47069578
48667236
47576952
47365024
48821184
50058000
68306958
51063264
48658822
48921766
48924384
48959780
49710606
48298554
49177134
48993156
49117544
51563156
48220088
50438098
48976094
49293754
48849732
48613076
49800494
48557312
50046768
48971038
49598616
49205478
49076036
50832392
49315876
51319998
49541772
50876874
50255114
51210272
50804056
50382446
51272354
49162910
51257624
49860030
51952644
49452722
51383356
50253172
51486476
50153504
51074638
50394740
50216972
51563348
50290476
52103998
50618490
51994176
50320778
52295586
51790646
51787126
50446396
52290970
51454986
51769028
50676066
51784082
51183812
51689170
52077744
52632200
52740896
53693734
51684068
52337620
51454216
52530296
51205124
52328392
51998792
53030352
51301698
53227292
52357856
52725768
52114104
52004356
51369850
52840352
51410770
53402332
51664264
53239122
52163070
53376662
52188066
53042914
51502684
54923784
52678950
53595438
51564376
55373552
54259968
52663660
52812534
52788920
54013484
53184678
54771122
53330724
55625830
54007340
53543424
54440148
53724754
54817016
53305958
55102328
53456202
54483196
52749198
54330280
55093340
53395526
54016418
53250824
54953190
54033042
55037348
53437976
54021574
54698372
53952626
55789738
53552978
55619330
53984400
54314196
58115762
88798806
61947284
58491042
54634436
55644196
55159212
56710952
56149102
54765824
56210418
55810208
55585876
56007422
54172050
55971930
55658448
55177668
56906808
54560320
56640774
55744376
55219996
56349832
54675968
56900554
55911276
55883648
57549138
56519238
55881694
57502018
55751844
57489020
56789702
56384040
57345484
58373912
56273800
57497882
56671516
56437104
57172698
56948614
57432170
57306356
56051360
57826472
57372136
56957518
58127984
58795400
57077972
58378798
57019688
57904676
59247092
58801072
57689958
58030782
57671732
56999688
58537566
58147106
57676444
59585814
57814030
57165454
58886254
59266142
57528878
59417840
58741770
57967328
59671318
59349478
57603544
58337822
59408724
57760710
58779766
58786000
59443034
58232898
59451426
59450352
58074086
58915636
60121788
60478964
59763160
60943878
60717860
60504584
59192348
60534860
59928690
59011974
61088510
59886934
59310460
58699372
62999614
61868214
60467242
59841262
61293274
62420748
61520758
60258918
61569200
61195428
59414774
60090072
61414432
61783162
61258258
60187250
62056968
62366164
60209702
59617172
61552112
61556764
60853736
60036792
61752106
61223230
62417184
61142338
60661214
62351426
61767040
61521652
61053982
61613430
62986190
61187424
60658572
62345816
63333870
63010594
62201214
61174000
63444220
64061612
62333828
61613812
61591102
64088512
62603502
63285854
62576574
61929688
64010714
62881338
63664610
63713920
63343522
62690602
63557998
63951458
63419772
63551742
62428094
62503086
63710052
69489246
78876190
66533548
65040128
63718256
63460128
62810708
63576882
62985836
63662916
63452202
64068036
67681428
64742370
63756506
64456322
64948084
65330812
64600754
64652490
64691376
63542472
65481778
64589564
65295272
64533692
64070706
65318382
64038338
65288014
65610366
65482952
65981492
65211604
64864762
64846540
63953980
65518860
66824344
65334988
66571738
66449072
66011576
66038120
66151144
66352648
66194050
66152454
67558612
67175908
67356872
67329764
67338436
66895668
66784154
67052252
67270754
67060190
67210268
67240444
67492184
67705112
66148754
67685252
68085710
68231200
67377602
67664064
67246122
66998044
67710672
67495906
67377212
68018108
66887614
66676652
68120216
67886358
68793694
68608694
68302750
68106052
67951318
68139532
69319310
69280734
69351780
69011504
69863626
69212842
69047728
69357962
69782826
70565068
69456656
68649618
68062472
70171320
69459088
68941284
70184906
69423888
70236348
70109900
70336624
68802710
69342292
70080386
70800180
70748430
70142938
69501914
70256234
69497162
69917122
69865002
69623780
70998654
69842706
71069870
70123380
69673392
71110746
71205418
72397486
71135664
70094054
70175506
70450114
69763892
71384788
71323120
70932402
71362726
70663968
70392320
71418278
70604136
72322690
73166668
72096816
71559160
72675904
71767770
72841070
71449488
71197776
72274860
71944056
71196928
72372246
72074776
72111298
72115372
74316734
72233196
72876500
71236170
71770674
72158372
72233484
71904686
72280468
71298064
72180666
72483514
73251038
78326110
73563538
74424410
72812870
72441770
71681986
72573630
72550242
72826342
72915032
72872742
73188932
73335886
73835480
74332938
73855888
74392082
73658432
73916350
73839670
73529934
75399392
73752416
74110538
74043882
74420496
73272368
74732536
76296662
73430328
75017526
74379912
75231222
75627568
75725082
75382048
75308154
76551244
76337612
77315294
75491956
75839990
75339462
76257774
77105026
75995382
75285548
75642942
75875536
75605902
76873372
76035812
75751856
75918772
75664658
75812960
75902784
76626290
75664362
75733086
77460040
77229936
77160784
76616142
77111830
77708960
76960652
76736016
76657820
76514366
78560138
77197246
77013164
77603438
79566706
94793028
82448030
78068902
77837878
78017598
78707104
78192654
77556044
78554340
78966084
78857376
78128546
78491412
80183716
79400796
77980982
78718404
78451996
78250628
78351906
79104910
79377768
78783632
78286710
79761740
79124224
78899688
81080246
80010174
78478142
78496080
80588716
79767524
79831322
80391304
80650534
79494180
80516720
80321704
79630290
81185528
81116946
80719244
79907728
80986130
80687152
79981988
81129360
80565222
80058410
82233274
80819790
80412668
82892918
81435668
80352056
82316684
81267198
80597936
82188086
81504080
81681312
82112460
81333782
81021580
82247044
82298890
81351198
83155084
81129242
81691724
82864944
81581864
83155310
81982902
81664714
83156458
83050166
81652564
85027492
82720418
82972784
81634690
81436458
84487640
81959794
84194546
83331844
82657998
84932634
83591076
83721474
83736940
83000524
84450064
83555500
83780600
83780326
83308900
85004928
83500808
84031246
82972162
82529118
85006434
84205240
85325592
85191110
86160104
84104644
84775592
85549296
83448530
85431302
83874506
85759474
85313624
86294956
87290844
87606894
85324766
86073376
85319356
84520474
85515074
84559588
85566690
85139234
85406116
85238462
86632718
87054172
86950524
86103418
86281270
86748602
85861082
86899884
85539728
86765324
85003682
85834936
85523356
86795770
86057692
87700678
86836472
87097902
86130158
89670022
89944786
87535118
87485296
88551524
87192214
87414086
89459658
86908584
87614780
86661086
91953784
87094712
89364376
87106036
89198846
86876370
88926128
87428996
90593968
88941466
87274958
88586828
87533982
88553752
87654886
89304512
87784666
90233756
88780872
89380492
90295994
89966400
90481680
90023892
90419896
89931540
89028786
92931830
89499426
90760104
90162156
89757468
91449570
89099072
91600104
91165634
90310332
92348860
90515922
92627780
91436278
89664314
111049200
93355050
93456924
90526074
94199016
92190934
89826254
92092366
91489582
91078352
92186984
92212528
90872050
91220742
91774702
92746862
94050722
91029364
92871150
92094434
91253022
91976334
91042856
92421680
92044154
91373644
95246852
95057638
92941842
92889076
92806826
91328548
91775240
93478888
92412744
91181756
93040658
94600248
94843768
93602494
94107480
92583106
94481144
93784622
92564746
94689792
93935306
94663754
93268148
95321310
96599458
93596138
96631564
93989510
94481184
94116308
94706564
94172256
94407784
94272270
96374344
94618476
95312174
95284344
96033814
94325880
94475118
95940602
96494500
95726190
96103860
97021160
96804928
97066258
95178468
97107924
96638336
95425866
94813500
96364652
96746692
96973228
96915892
97934124
98167108
97646882
97775444
97415080
96094046
97594416
97772470
98034256
98694524
97250138
98658500
98795100
98567444
97441912
96840000
98836872
98375070
98609078
98097384
98195994
97577552
98183324
98607706
98906802
98136842
98270278
100313946
99103730
98945348
100155270
99228412
98453606
98499542
98488568
99022516
99940248
99684570
99271894
100226030
100662768
99913320
100557200
101208854
100639926
101595002
100346504
99531932
99822114
99102640
99363824
100653722
101877928
100764842
100746336
99384604
100324408
101789100
101024786
99876796
100962142
101493310
100739692
103127206
102060656
101892402
101932152
103561814
101972212
103751866
103421802
103130446
104298310
101802736
102625846
102447230
101384784
102851968
104602246
104089630
102649528
103725146
103155498
103274022
103514024
103204564
103156850
102729196
102201688
104257836
115827852
110015718
107044016
103721328
103270508
104252206
103388556
104350146
103943464
104832034
104907116
107451950
105979012
105509352
106708424
106959966
104355462
106128338
104359008
104695602
105182208
106206400
108259004
105828680
105610122
106041412
104495288
108278502
105220496
109144954
106189148
108293838
106739348
109784550
106508718
106664190
109234318
108507380
106948222
107330652
106607010
109039822
109844560
110955502
107791644
108596900
106431954
108539646
106704512
106113658
107057156
111286406
107683240
144372856
115403822
109200142
106887148
108243596
109190982
110351522
111128444
109709478
109716664
107894368
107799508
110937464
107737860
110845358
109477994
108948188
109516228
109031928
108478596
110108282
109666524
110208722
108902890
109771740
109319760
110700578
110370188
110097646
108602076
109452070
109113816
109379332
109450804
114782716
113221856
113641298
110608838
111061978
111753626
111996374
110083518
110050534
111112806
113457698
112242864
112223274
110845964
112058990
112891114
113937158
111400140
111082356
111487610
114073492
112263838
112058320
110848844
116687574
113259070
112717876
111679798
117007478
114032098
113223222
112815832
113811116
112538878
112188400
113219768
116172808
114273100
114732916
113798204
113627824
113242374
112645962
114106064
115632880
111725094
115053170
113248964
114910944
112863270
115292234
114410774
113039688
113104764
120505126
114287518
114564362
115289730
115835434
113780206
116547004
114774344
115547190
115829574
118203772
114879806
118216732
116789636
141993688
120645056
118708310
114126364
118065304
115762250
115071456
118352102
117163776
114878752
117397306
115278124
118177360
117976828
118291622
115798784
118369782
115457980
117701256
115173338
117727098
117934786
119288906
119256784
118656652
116741460
119338708
118228598
118289744
119313226
118535968
118130642
122590328
119233872
120188178
118503462
116948724
117215418
118343778
118552686
118487898
118674100
119876184
119077010
118385226
118098168
119130592
118041750
120358170
119058712
120319674
120486390
123315446
121033506
122508366
119701402
122679232
121049470
120588702
120721178
120954908
120776128
120948542
121680252
119633580
121628782
157611106
130388342
121299324
121613284
120143532
120596236
118794596
122748762
119711834
122047288
119439046
122282956
121854154
123384200
120863106
123531786
120952990
125555904
122770716
126472194
121326416
124691128
122515302
123169070
123762462
121501566
123139592
124269964
123590540
123735682
124476596
122862614
123750332
126224610
124885414
125090098
122863514
124642378
121365448
124893790
122228354
123119880
122721004
123403556
125223586
123889170
123818452
124497542
124153164
124267766
124474354
125641956
124276860
160876388
129025388
128440660
127435174
127052900
128938758
126762462
123731172
126197474
125172410
124998054
129302262
125529868
128454516
126953656
126454930
126681798
128546058
125699680
130026380
145947246
130542220
125017744
127369890
127924592
126907470
126112426
128801282
125688860
129995870
129234248
129667276
128972068
131753072
126268694
126973732
127133664
129024946
128538348
130057186
131819354
127417888
127128934
129248778
127584806
128193024
127981280
128937326
127338628
130748260
129028444
129849802
128281826
130727498
126610286
130138442
129132692
131406706
127172234
129825322
130965590
129969770
128467018
131340764
130651502
133946086
129944804
128882352
129951362
131723850
128977808
131351468
131079184
131014794
130225386
131416646
130660982
132569598
129735884
131744054
131240834
132207976
131186050
136647662
132519586
131994204
132891366
131596204
130746260
133249336
134129292
133324370
131944240
132985576
134735438
133129338
133601392
133869166
133165126
133747500
132478688
133312170
134136892
134231568
133487490
136428214
134300810
134044332
135355234
134983746
136584208
133656426
136955798
136053560
134769406
134630184
137161878
135371962
135009386
134709282
134331300
135834850
136327156
134127370
135615678
134783006
134642166
135592672
135066984
134811064
134669968
134264212
135296212
136205846
136359112
133325074
134915408
134829558
134548846
134857990
137072122
138315050
140178684
137866378
137327558
137011594
136785966
137834164
138040852
147804786
148207064
140609058
142421414
139455000
141412454
138469884
139103328
137810842
140720762
137120794
139333184
137024672
140152376
137800474
139840014
139358504
140950750
140776016
141104248
138712228
141323310
138857200
141410386
139653360
139525050
139837312
141905272
141276394
140818994
140660300
143043244
141393004
141870572
140280814
140491140
139951590
139698938
140661324
142093142
140804030
141745020
142361040
142751990
140252656
145668328
140921216
143003332
142588852
144692546
141771064
142158086
142972652
142127672
143001556
142982430
143967370
143932898
144551256
147876920
142351854
142514612
142723440
144106674
143045172
144446844
142983364
143197010
143556334
143271424
143260138
143976388
142512692
145327860
144045390
143513718
145087740
144946098
143836214
146553442
148404790
162156084
170174708
145743892
144724502
145376412
145335586
146207710
144706782
143715176
146324416
145934890
146114342
146995372
145962338
145388602
149563266
148408492
146602126
146674528
148750396
148256542
147722484
147631212
149412606
149470978
146392758
147684686
149417656
147260336
148912796
148928328
151319238
148448694
146838484
146896200
149940698
148795356
148238972
169848664
152772824
150633012
150028290
150508576
151287338
152633830
151306554
154154262
150941064
170807866
170198104
153654936
152711396
149984018
148345756
150642428
152694192
149747444
151249406
154877812
151340320
151156208
151170808
149599054
151509734
154310968
152677158
153923928
153428290
155666566
150593786
149836374
154406704
152245794
150063520
154894032
152442590
149719776
151716726
152824518
152603616
152860222
152243928
152309498
151872256
151516226
150791658
152678030
153245696
154530048
152285672
156106862
153589340
155054818
155337814
154045326
159230970
152448970
156607792
153521458
153729726
154047938
153822148
155340858
151905724
155458426
153092446
155961672
156759808
156410274
157351456
155762094
155439800
155464344
159824846
153246962
158796338
155534640
160216192
157269142
156111812
157004498
157303892
155384744
156902710
156682256
158346526
158870290
157217588
159731332
157075088
159504542
158257462
159492746
157789350
160369552
157115376
158198132
158621028
160398722
160694118
157489230
159319828
157104164
157809528
157332642
160241784
158809024
162786834
183143878
166450750
159221340
165496450
163320822
160897826
160492674
160900802
160618854
159767290
161248906
162858338
161230764
161372872
160207134
160859948
159708434
160275148
160590446
159863482
160787710
161538820
165248946
189714426
160803514
160743604
162820302
162407444
161301466
163964092
165268042
162221116
160747600
163982022
163092438
163894014
165213522
163126882
162524586
162559482
162457136
163741228
166296186
163377252
162926924
162261738
163383706
164776562
164583600
168812680
168597062
164869456
164890516
166494918
167743276
165231482
165017036
166255840
164584784
167733164
164973268
166748440
166575224
167680322
167986304
166015888
166122362
164577484
165623630
166568578
164896926
166085394
166621440
167637924
168799030
167433818
166834914
167445066
166895288
166709578
165940834
165648822
168258284
170474070
170503368
171267804
169238298
168098736
169728610
171552850
169127776
168794834
168380456
169070260
168601990
170744270
169653416
171223462
172454744
169691420
168410798
167854844
168954496
185923052
182527522
172007026
170094654
169680410
172924316
174276546
169610892
171852112
171355664
170543164
174100324
206650988
181935674
173621696
172433572
173258054
173031994
174504366
172240084
171749740
173920854
173054894
173147088
171973588
172776190
171477168
173540694
173247434
172315686
171317254
204687616
179533406
174162844
171711570
173624930
173742794
175978054
174134452
171341070
172827100
177375198
178335908
179043842
173437330
175798188
175055968
172987152
172772632
174207666
174572594
173763566
174708548
176055246
174809590
173748926
174806402
173739852
175319640
173952220
173811188
174898762
176666876
174593536
175530234
178111506
176651126
177082076
177982474
176063490
175067822
180271584
181153120
178535614
178158910
179248170
177849418
176459604
176746856
177318926
178104032
180430330
177767782
179301198
179572576
179637860
177569054
177121940
177515140
180276472
180309188
181481742
179125374
179494416
179990708
178196746
180669042
196711948
191638684
182337982
182185458
180523574
180910288
183608470
184940282
180450080
180783152
180283222
184616928
184698900
181022322
181022666
182302878
182914372
181991186
180773720
181351534
183597702
183034490
182930862
183295166
183246460
183020702
182831688
182377164
186945774
182328418
184521756
181215284
183244360
185761154
182717862
182494292
184176210
183337136
181421210
184996342
187558540
181228200
183597840
182057486
221568192
192622996
185870372
186356152
183307064
184885402
187843868
183858852
197991904
190071722
188707236
185286430
185754726
184159848
186941130
184780910
184171874
187795866
186474094
187620002
194321936
187158014
194135262
185128468
192766994
186689382
187980922
187782034
187066056
192157350
188383538
191980764
187785720
189028106
193988144
188835212
188618182
188105222
193479218
191630968
190533378
190605168
189969212
188768954
200636298
223084848
194552798
189727518
217287248
192842016
190286626
190433710
190722992
199509412
189539860
202530848
192957638
187333918
196885558
192310088
191901126
201346564
192571468
191513984
192248604
192822540
204723264
257753816
201801986
190014194
195301326
198417412
192206188
192461410
198467550
196851044
193761148
195849794
192766594
197820778
194849006
194673082
193514608
191613572
192732370
192020834
195353550
193483392
195428154
193445152
195557132
193921294
194960968
196035448
194494564
199872140
199043272
197066754
196046504
195975742
193809518
195597252
192631714
198081876
196521550
199102246
196392486
198083208
196530314
232672470
198900052
196901812
198383606
198027478
198439986
200201724
197049916
199590862
197651498
197754788
201711844
206270450
199692610
201005444
201246342
199092008
199669682
197223872
197906240
203838406
199244834
201694356
206544950
205601410
219467080
198430676
199085328
200148728
199437302
203066670
204437828
202243578
200696548
200779992
201848706
199612296
203591134
201042572
201915364
203137718
202805648
201464290
201103792
202937542
202607708
201630466
202426160
201606828
206086274
205404590
202276386
203802594
205402294
204528852
207015630
206642184
205240550
203845354
201716870
202436288
202695150
202877848
207231948
205132436
202917778
204271232
210021526
204337840
203015776
206087688
203850204
202210282
202874412
203578684
204460846
206071254
210176256
205858656
205589918
204589888
205382610
205673964
206345600
204646242
206899310
207254884
205766286
209704890
207728750
210915866
208288790
209341516
209013500
207409740
208368142
208206656
209867026
210280120
207215804
206520088
206807006
208863372
211107022
209616996
210104642
206455862
207350088
233648392
216646702
219562532
214777856
213315586
214146702
215259474
212799114
210820134
253137016
219864096
209712660
210714058
213309296
210104992
215857392
211245570
212195838
212130998
212244432
214381044
210143380
210373916
211915714
213704838
210608622
214873818
212407514
217874290
217762264
214073224
217193854
211754182
215569862
214973770
212473346
258851338
222568006
217562290
216657436
212786040
213601368
212731492
213925610
213482576
216495038
217060882
220078570
215014874
214970980
221667756
217358386
212881640
213998144
215757310
217139008
218078472
216414138
216665762
215483412
215956478
220335738
220166114
217471256
218117412
220750200
217988558
215882678
217662316
218600604
215413750
215239342
217822376
216792780
221899360
219294080
218026846
223531628
223211496
243317090
223265718
225647854
220325646
219661892
220955416
219253482
218619674
224153630
219599348
218111364
221602798
224252378
219030242
222508308
220039520
219760404
224231898
222823426
219059828
227657678
222258300
222010302
225745978
219630172
222812924
224117580
222022500
227003262
222118474
224130612
224571174
223595770
224361052
220029226
224240446
223536308
221346062
224752686
221740394
226913220
222517330
223546752
228764038
223524524
225671488
263139576
233796508
230959736
223778520
224597840
225474734
224319282
226185466
223896894
224602272
226027734
230827888
223857408
229358872
223339874
234067448
226369008
229931872
226366184
228997114
226414202
230521148
226367198
229476346
225391018
223528788
224207222
228829672
224429150
259785738
239493760
229016488
231139680
231517868
229419258
228641638
230428712
229152554
228299770
230599766
228951058
231329382
228405094
234399016
231074622
226599404
227930564
230677662
231314838
230414860
229483136
231405768
230145864
233170740
228060716
229534062
239367672
228994606
227488956
233210560
230131574
234917712
231677078
232728532
236422434
231995692
231052540
235330520
231322302
233723410
233463854
236585626
232287936
234108866
240114324
234047200
234480890
233003900
232442602
232014644
234799530
237333374
232686726
233915194
285235010
240130420
242421234
236588794
240106432
236281832
232576668
233636418
234955152
236571060
236334022
235859366
235403676
236907352
236344994
236589570
237471634
234728592
255691836
252114586
243407368
241880874
238436278
237842640
236770828
238539972
237756880
236955666
241297160
242397564
243454980
301502798
252530260
250462194
244709132
245099338
242238958
240149484
240897576
238853086
241513610
240306478
240538672
242316836
243336208
239801966
239825366
241572778
241988800
241908978
240040440
242004886
242055530
242526228
242100948
241560400
241970412
272856820
247688028
248816248
241327966
241183472
241486944
245468886
244984308
241880654
243468616
242998642
243596776
242117996
242185460
239600586
239715578
239472722
242013558
241015346
242066526
245738656
246190030
243698864
246432624
245518604
244051792
248179574
243573188
245524430
244970804
249594958
268365184
257656290
253171098
248995326
246417362
246011102
248283686
247566956
250298798
247838326
248788562
249098790
250524998
246013290
248471870
246654072
247523624
250750062
249978626
248189928
243321616
247307384
248463738
246351748
246334626
246792268
247967546
247219874
247413172
254059576
248473176
252364212
251122138
252774924
251001510
254107304
252732388
249548896
247562714
251134774
249254016
251831432
250223644
251469926
251130524
251591236
254894008
247220500
248988958
252070940
253620416
251840436
257222918
252428124
253319512
251588372
252782448
251305750
251864296
260896588
255357764
251312286
258675184
254459162
254140778
251298708
255888456
253839996
253442942
282275110
260633636
259973306
254194244
255051556
253305028
254185722
255805120
259372162
255331980
258943344
257582712
296848910
261250454
254701718
262139176
298886640
262158978
261818830
256581934
257539896
256954402
262666582
258040770
258094390
259871682
257709956
261525762
256895696
257628500
260314860
257825202
262149684
255885566
260368110
256413724
257417246
258580206
254248340
261230610
264423376
258927578
260192306
259734774
264228426
260316754
263195144
255803194
259050880
258619750
261996572
265096310
261657926
263139822
260985850
263086362
263555480
264185384
268650206
262801858
262168806
261619056
262857188
265734314
262174430
292500126
270140068
268622722
263885322
264269330
263810420
264477846
265723840
265880514
264205784
264572148
263459072
265712148
264143364
265544034
263846058
264873410
266805422
265983174
265423776
264429996
267069460
269497158
267890746
268619162
268670592
268356546
269126198
270577294
266899794
263022992
265021184
341540254
292169648
283970868
279788630
275351872
274636576
269741624
273520206
271619592
267359692
270268526
269401270
270088300
268670954
270243358
269357626
269706296
273332042
273170096
270936664
267446814
268245262
282011050
270471672
273500306
271642002
271640718
273925702
271871340
270284448
271368174
299104898
278899548
277793066
272089438
277128740
274845736
275099970
275418498
274237406
274432346
271980150
275449930
276273958
275044870
276303808
275086902
275185518
275843248
274594316
270977490
275368902
275130056
277336232
276888642
274334390
279036890
277658842
274052756
274172042
274970994
275997186
276541008
275127110
276930510
277580310
278286528
277902282
277359344
275973742
276108298
279113976
278766584
277615000
277155164
275852630
278472030
278704348
281011988
284489310
277328014
276938938
279222154
277460240
279262828
283867946
279261654
281903908
282247426
279775280
279725602
280659718
295917718
292271100
286981010
287749970
283451114
278628306
280839308
277514500
281730112
281720598
285153018
324472414
292320364
288871036
287573264
282748676
281498420
280465318
285499946
284070538
283649272
285385652
286825672
284756034
281940804
283032810
280307476
284650704
283255840
283554916
282606466
280047876
279087506
282983664
283988484
285726984
284537392
284123988
285898818
286101406
283742520
286335116
286979430
292801754
326210374
299869534
296208882
292707162
291177182
290054008
287286226
285029066
291421288
292748530
289396522
287134972
284200430
287249414
286924198
303195004
307420768
295130138
295157018
287356766
287531488
290827218
289823712
289400688
290674102
291068714
291418666
290722738
291172198
291020658
290490144
291467052
289481918
296259806
289259800
289467460
292771414
291457422
289510094
293207222
294487216
291945076
294353756
295635830
294287860
293161996
290658734
292996148
295312086
294878006
293665920
294188858
296503204
296672478
293615506
294113198
296568832
294461244
294731424
293638820
296150388
293976080
293157398
294086226
294122586
295577242
294076990
295740342
296658536
294290590
296852870
296935772
296728760
296098004
321659296
302309070
302984374
301134294
304693614
301793172
300049722
303359778
298890724
295784684
297415786
303917684
299578260
300531654
301723272
300197814
301627334
304038092
298338070
301748084
296615302
300776298
302007996
299363394
301786354
302983294
299847500
304764248
306052194
302321378
297028020
300403016
299412632
301277762
303264292
302631896
299654918
299100752
300989308
301445932
301382276
301523960
303019208
304041678
304454426
305345020
302872682
304654344
303529632
304704764
305207448
304561886
323518370
328783724
312271376
312884140
334648250
313678262
311865098
308186534
303994932
351667330
315081002
311561642
309121026
307857174
306102078
304662420
305208144
305436770
308663920
307665962
309348732
309783516
307870598
308090554
307966928
309570774
307246746
309781624
307995240
307595092
308678692
317168174
308278844
310162410
311718766
313155702
311932588
314994992
311117366
312511442
311400924
310367546
310252884
310542954
311851404
311939178
311141236
313187858
312696378
313803032
313770538
313693974
316231328
315261284
311934286
312612252
314232608
316671364
313120254
345856238
321752072
320446946
315515224
319543600
319270596
315876806
312522662
316956290
318785098
315983946
316700478
314660018
314299716
315113202
315404560
312985288
314310088
313545692
319664662
315160446
315221084
312813364
313245874
316570492
316489906
316402124
314211204
317635084
319451560
317511660
319234064
323467052
320712926
324321780
318867074
316102720
320270416
319639630
319099774
319111966
318145514
319280762
324075300
327828030
326669866
319425948
326491114
323409990
323159814
324837670
323295228
325589758
350925098
335421900
331711836
323809686
328020228
328299632
325372820
326490180
326857546
322821414
359867128
341783302
335572832
329145450
327633132
327195140
325153450
329537994
326321214
325920072
325787994
328226288
325884020
331240688
331911972
327392272
332018882
328364068
328906864
328971454
330184856
329824474
330736684
328232786
333167506
329107890
330149566
328199116
328536366
332295050
330442480
330433536
333124606
332749380
332271198
332950318
328712412
329398428
329287940
331624404
328395944
329877528
360498680
340030056
334295338
332925632
333304016
333498272
335133800
333837106
333462112
335339380
333623672
332089466
379414122
346826796
343695928
345241608
337498866
335081202
336202666
335868620
336322942
336082412
335177780
337310216
337657226
337069490
335043274
336399662
337715954
337626272
334373502
334995840
340852470
341786448
336874740
335028816
335940418
336997510
337941654
338319180
340800992
343084392
338552566
339903106
345071990
342627116
340089550
340632586
339696510
340810420
361636938
347540086
347436198
345683134
342564820
340464952
341465596
342318292
345638478
345384942
337512654
341105492
342078880
340445958
342142006
343387176
341961590
346497162
375952864
359627446
354777084
346287936
344492980
344194644
349801520
346036664
349102210
341310124
343959262
345261080
349943494
345668722
342295056
347716452
345553456
345823404
344713730
347768466
347113770
348118252
346380122
349907788
345909814
347199086
349006388
351086020
349191526
351344326
347995972
367850590
353897682
355222660
350622164
346664604
350397400
348256902
348109204
349138162
348498832
351227700
354334858
350079444
348613730
350650368
349219106
350046682
347948834
349782924
349758708
352187090
353485280
356494070
351519138
350108852
350707742
353314226
348869342
357800650
352136822
353493480
356657376
353511018
358377532
354765136
354304300
351397058
353475744
352481232
352922458
351840842
354437384
360186874
353686026
355506254
357714840
355862586
357772402
362018040
390137576
355414490
355485612
358723868
357358310
359132870
355614268
358906634
357455312
359851762
355374762
358160016
358509732
364238800
359298734
355015980
356692934
360564286
356785028
355766186
360267454
362845426
359411408
361158890
363444638
357798920
357736466
359359394
359227384
360504678
422007650
391745190
374692896
370555126
366394684
363360342
358733538
360067218
364339470
363283474
364366250
366761392
359536848
364423436
362215918
359779938
362906764
391227172
368856194
361098900
364810768
368886324
366966844
360283478
361795328
363658056
360586462
365850614
363892144
368189718
364443480
363449210
363519980
370383948
365075268
365729084
365860814
367593222
365421952
366356416
376462570
368360078
365673832
363962770
368424328
369201124
367080890
368061402
366454544
367653236
367175612
368150714
366565496
370305230
368803424
369170330
371893308
372565310
369187234
369749876
369758432
373319870
373379960
382260234
391574498
382475816
369985722
370067966
372787228
373793576
371342776
374144460
370870470
370347642
371220814
372531238
370364548
370299694
375401738
377243502
374900310
380575632
374706844
377965544
378750492
377346372
373489694
376435580
381157474
377288896
375664064
375589470
377675674
375791140
375450658
375478788
376266352
376091044
374787304
381965342
374543494
378134622
379436014
379328790
376914472
374481188
376901176
377862330
376417984
411339156
388583018
384685046
379236140
384284528
383663108
377338590
377766586
377634968
382026900
381131248
415776204
397011122
387002790
388188192
381729984
381880334
379052304
380131172
381453108
381509282
385683446
382821078
384322382
385031522
386319802
382190262
382882442
382548654
386067670
387645122
389293404
381152844
376724012
387530090
385292114
386462512
387570886
380161996
387121398
386398004
383247312
383875248
384670702
403861958
411371006
392813266
383295696
384396754
386123752
384111034
387452926
391419720
390507492
388358556
388274640
388020366
388992936
393873808
388794354
384940182
385317988
389904398
394054464
389568700
387555732
389767432
440174048
397539728
393188126
400433854
390582926
390148520
391653146
391353568
390851478
391324538
392986178
395268008
395085900
395771658
393595804
393163630
391570310
389805962
392161532
389671670
394169656
420505016
413012874
395735342
391354124
394669356
393201184
401799078
395227488
393434002
397743614
398429070
394887316
395254978
395083902
393460576
398231226
394210296
400769538
396107442
395008170
393691252
398680270
392939122
403368776
400829364
399037194
398775474
399643428
399742136
397209166
400069744
401150554
399140232
396448028
397521518
399357118
401312542
398383082
399371174
401387056
400011346
402833818
441286688
447210604
422606426
411676428
410476462
401719814
401528096
400149604
402770538
406376316
400597138
403745128
403662288
405596922
425040592
408568264
403720992
407140352
405035946
406878848
403995014
410675740
402697756
407043502
401182584
406405322
401655942
405586576
412726462
405323954
403545524
401770486
405072516
408312414
408207610
407252800
404183220
406304990
406410988
405281210
405497228
411254796
409477808
443018600
421554498
417853750
408180150
409344270
408918100
408972330
411679424
410035768
415735412
409925536
414738980
409460044
409296590
411450664
409443126
406623992
409644782
408069144
408765676
410198840
412912440
407974840
409196704
410583018
410417246
414657826
408454800
415368738
410753220
411700792
414474896
414941808
415690310
417420046
416298952
413777796
415419334
416626054
415473584
416606716
431844384
432713996
424723296
415358036
417602246
422003646
419120738
418090610
418370368
420366440
424145946
418893274
424378722
424293116
416287396
481067072
423348736
417382788
416156570
424864364
418775396
421842832
418343996
422691440
422946470
425724894
419579276
421920926
423108200
417774552
418447344
426773018
420373644
422748700
421935456
419523498
417850942
418613502
418382170
422881094
423043338
453832568
431209682
425764224
420107190
418965678
421896136
421648668
423179354
422820692
419839282
455996790
447750854
440433740
438027910
426124956
423822028
425816684
427218856
421858224
421635550
425083922
422593496
426470478
431762666
425411162
423572412
426787820
426936774
431893148
433878658
425132448
427584470
430107998
434741432
424424022
439851012
432712040
433670116
431083606
429896160
461029078
443791556
435675142
432089582
431966356
431821370
431495400
429686278
427822756
427791766
435904610
430551984
438205698
425423892
429669964
432236080
431277646
436503088
432000236
432953978
433475618
442628130
435077058
433893254
436323424
433603182
435708264
440690746
432020436
434299922
433447176
434442942
434530624
433018668
438693886
438291334
438627148
433804176
434023494
459117238
454713236
442625912
439601668
435484798
435936016
444579568
437169604
438922232
438521454
438086980
438538388
440877064
437809314
441882308
436080968
437253158
437059746
445362016
438567862
438620270
441357002
435510822
438938388
438407400
444862318
441012068
437091136
443102566
445452954
443176982
449423008
439969866
441406222
447970000
440383116
442969506
452031126
441389408
472571926
462851352
442031314
481935386
467651984
454803414
453193500
443816554
446132532
446077510
443609526
443836122
445807858
443839480
444946688
444397256
443917790
449284862
446407712
458218952
497796444
457846050
463177246
468908062
467138382
468543098
478309264
469325842
477315010
464765024
465430422
473521158
467148864
470025488
465748120
466725914
469931668
534912168
467827646
472376952
470632146
472568884
476102216
469601978
468862050
470148394
477949806
472842186
471738598
471128122
472078334
477195138
471451302
472276706
475121730
473423318
470634542
472303744
473727064
475492894
474208898
475316354
471820328
471183506
476312232
478018666
475433392
473880848
478769820
475800236
487142396
492272466
479788466
540190156
476297254
473426744
494605852
482044982
482162632
480608708
481348914
479917856
479792734
479055198
475045776
473286358
484823090
480983822
475836822
487896050
482730292
479113032
481291404
482021122
484684566
477414686
483200162
481296510
478882094
479457774
481585530
484832862
480207808
484803936
478824010
479761628
491298346
484084550
480231532
541894020
483246408
478282622
479713420
484380518
482614970
484321480
483884566
481990892
488019274
480144706
486173544
479920020
482954066
483313724
487447492
491307932
490269008
491635278
487508302
486810330
482825432
565354306
486244998
485458180
483651878
487544060
487660676
491444512
488630054
491105318
489986848
492860428
490290674
488754528
550059290
493083034
493204542
491364962
489788158
494343440
491175398
494280708
491269114
491343166
492057972
495583080
491900080
490524312
493761712
492980086
495011524
498139606
496316686
496381812
497083118
496647384
499033384
498514288
493442764
493485918
490795412
494182052
501857092
498167406
493884470
496192180
500714994
498105458
551043796
498938518
496039824
504667114
498182874
503249304
513376444
579377722
500892546
496484652
492141282
502296392
499375700
500350782
503091972
500271044
500064494
501139264
507438488
506479766
505384636
497891818
502106198
500921616
503613976
501214838
504761742
500565312
507402524
504644646
514411538
506581206
510030612
510473608
563790324
614846542
528738762
505548616
499469174
503623906
510022504
505728670
500850764
505361542
503324784
506470490
505556928
508958780
503868894
508070558
504753514
512540934
505656432
504550252
507546112
507469532
511092820
507720978
510666116
509833220
508420676
511217174
506812852
508538142
509438344
509971656
516974874
508681508
581902904
506305020
507265720
506823080
508595552
510174770
507263630
507082846
517471670
592409534
513861192
511040240
506375282
513068420
514064182
511669306
512968858
508857700
513660640
514505454
519383086
510138642
519086988
518786728
510075700
512948898
513879100
512856306
518041032
512598992
510893762
513020432
515420182
585210058
516841608
515510100
522309412
517772944
513764774
518513978
518552352
511137894
519864258
519330580
526037926
519947240
527221472
521720522
522418248
517199898
516664778
520168550
527196362
521022372
518772686
523371484
522782092
521239832
522477946
520026336
520058838
527094858
520058500
522770166
522047556
515738002
581931666
522405270
526802592
525998162
527861072
523576532
524519564
529052618
530457120
525073442
526733844
524117548
524354694
525015336
525972760
527499214
526182902
529081142
531980926
526210530
524084632
519161598
525154878
520974980
523161276
531330562
527627148
524683034
529253718
525252218
524902796
527952076
523321778
589945064
527933730
527289932
530368480
524256052
527943084
528719172
524481270
525796404
525771432
525100908
527061184
528511660
526742642
530664916
531689082
529108666
531430692
525493034
525576990
530247000
526228060
528932850
601420310
528695556
535265282
530514712
532315160
611592078
530423914
530527858
717557100
540761120
535853628
531740634
529554470
532455254
532597970
532935100
533647034
534310244
531635266
638847994
531767104
536115776
538443944
539872334
537429962
536260204
531765188
534789508
537316432
533729290
530764530
536391954
537443932
539810200
535160154
533188632
534011520
536614346
538876988
535893588
603348718
543028192
537346392
535290184
539282612
536385858
542491398
538631486
544232276
542720834
540587948
535992620
541821058
536640640
533009892
538240990
542781960
543667036
545913554
540778996
547833500
538218946
541364410
544854384
540256038
540890804
542743718
541622282
545291994
546316648
541929766
547024280
608699706
549438346
547235510
547822640
548081544
542519924
547150242
545418850
549312622
544131656
543034266
544239932
546526276
551265310
541893892
551072028
542822994
550809080
550004736
548780634
543063262
553919838
558245052
549103276
543525682
546063148
546997576
550530634
547277140
544984544
554745042
608354638
549806696
551259388
550697846
549919034
549336722
554791088
548207552
552165362
618032708
552292946
549603644
683516062
558577030
552644962
549034998
553499866
551414818
551363718
557977182
552387872
554637114
555688526
552131376
551132270
553958796
559906814
561353808
556217756
556036310
555100906
618049800
561533916
561499228
557310130
554385714
558709424
552286156
559337442
555262978
558567458
557671158
560101562
553042748
563952128
559566588
560384254
564847088
557104538
562831228
559197306
563076636
558378010
561146898
561467554
566844458
563193990
565239702
563985416
565131568
556689948
627001078
568583612
568603434
565981276
563715410
562139176
561558624
557701886
561585178
564935054
561587090
575771916
563892282
568306928
566367144
640679656
568636796
564642186
568422504
569496310
570828008
565381834
568171932
570238362
568775096
568302664
568617940
569255842
572385424
575167396
626900042
587915738
575322548
570329490
565395062
572723824
567305410
569778444
570884552
575136318
570195320
569625230
572224704
569718584
576895718
569864880
582001868
572898750
578826330
572089746
573339592
570990304
574126592
578764194
579376286
573697070
575427430
584710922
575787278
579455622
637085800
574553886
647288298
574201934
580555144
582165842
577817596
578884288
569704036
571925518
568977516
581202054
584732290
576147912
574344592
581575792
583338738
578713922
583551534
580555386
579430298
582036252
581389750
585704044
579540776
579586916
586568000
576529564
585050912
589451210
640558162
575576812
585973846
583030624
585739404
584477794
588191328
579046450
581152802
589107606
590163888
590283728
583627966
586467470
584450862
580683340
587578734
586962506
583839226
585965340
585022418
590240998
579447296
588478982
594685208
589844150
591872868
593302820
594456926
641841376
590662236
598008484
592469570
591080030
586011516
587182164
588117544
589559900
597263476
588856948
590563316
589861428
599542884
595905052
590849634
596069210
597662882
598838508
590872976
594177722
596875070
593945460
596672546
599210308
598646680
597080140
592724494
597149164
655628814
596649170
595144786
599462974
596722696
597529130
601802948
597174858
599420400
592351364
600944450
591912126
595772802
600596920
599248814
598124074
596458272
597086390
590861618
598172514
596999924
594732772
601221680
603299298
604841044
596767268
596422506
612489306
661516974
607398978
602093318
599865290
594254228
602289248
608425232
604014120
678732928
602765718
603405108
680169478
604925806
606730656
608774104
599144484
599737802
606851656
605485376
610588792
609265758
609864164
606064074
606522232
607533186
599113354
604069258
603830360
669322318
603744852
614613706
604073238
607003972
606570184
606126178
607473674
604324174
607268964
613531100
606234822
602945542
610619948
617724924
611048834
605708692
608214568
608861056
603583804
607869562
613657912
613160470
606481508
613045878
618003166
614814076
618311876
678610964
614307496
606390914
613827026
610146690
614540234
612473780
611017956
616100526
621045896
618756802
617441750
616324434
606736880
625731846
616754968
615414536
618397148
615678888
623411198
626043402
622616368
623067870
617886888
623913342
620526198
627199346
619072128
685876690
628729004
625624862
623362664
623918384
627408008
629583784
630477486
627919536
631676734
631615198
631511684
637869484
629339080
634259718
631769118
629614184
625619734
628153098
629811516
623815300
633982408
627029390
642288516
626974284
632505850
627930628
696406366
640185632
640952012
633842270
636513034
630372158
637635620
710875516
631024304
634400698
634119648
625739512
639071446
635579692
641229792
633732244
630692900
634355310
633226676
637136158
633546216
638091738
633122834
633529804
637199504
637449410
637080740
702964688
639608444
641015856
634362930
640453824
639682082
654043702
643438596
646660352
642759746
646932486
640492524
640835496
642998928
648094218
645236992
645117066
647963990
651829582
654110854
646392462
643569130
637752688
639854980
643739974
635398120
641418268
703849804
649674858
646171344
646196900
648251080
647023018
647568800
643740026
644723428
643535310
645165990
651000308
647206850
648329274
656768202
645967624
729137084
653593146
651244656
648008470
646177286
649793628
645807988
657252274
646808916
649572358
714037024
648038212
649045062
651526658
657755712
649737838
651248842
648059868
655522404
658845072
653694432
647808070
651781266
657411334
651883788
657017172
653188964
653002376
651782602
647847336
652524856
655520856
654761526
657190164
648555626
658593198
723627672
649941316
653217340
658786818
661776032
655358604
653517450
659851646
659001708
659457634
647928644
663852860
659779226
659570338
722314248
656675098
662684414
656410548
657475272
656175840
657483748
660714900
662318790
660136680
659976396
662534480
720551004
664102368
661112688
663377658
665771494
668450078
662949152
688818936
665724316
664071388
660514310
667948864
669680208
661995758
660776886
663055888
657895344
664880856
662620770
663575796
670367036
671311380
666638506
661050188
668735718
671018788
726552834
673726112
666326380
669287388
667171238
665026678
668931254
675487636
684335122
675006414
671874634
672202348
668857078
672930396
689333158
669915102
667887072
672184218
662168880
672280324
669641230
673324830
670509268
671688330
676202220
733819284
678688600
671361752
675328814
678988520
681697894
668597160
681570996
687716670
679111592
675100756
671121456
685051784
681151632
676161496
677848740
680955804
674110080
678545976
687302156
680203670
683636318
677657660
680749242
683971738
702535204
721113884
677718136
688232334
680228930
684192466
684810824
684493850
685968174
683022468
680258664
684296264
683156898
687082086
682991298
690768976
691095964
684937290
689633234
764992694
684718656
684728484
685925316
691424208
682884054
746453528
696784594
688444612
686921106
689051094
686645684
687627550
686363026
696844830
688020146
692510152
697628020
693641136
692473272
766049654
696696842
696577274
690115124
689298636
689142792
701236972
689845018
699672390
691969762
692228694
755895080
690582894
690029436
696534816
694761604
700358778
699356062
697414910
694795832
695617442
692248004
689385232
706615230
698976436
700102740
706399432
707470238
700768176
703148698
698906750
699067114
708147142
699093630
701142228
702836026
766133702
709242194
692400122
709914368
699666156
699818022
699909604
705386688
706427812
703138582
706080976
710500686
709536508
705384492
705453214
711198066
708128620
701853976
712571354
704009990
711418048
725119172
709488122
709471384
774362256
708253254
712402368
704938380
720252470
709771440
717829098
711477298
709710406
708579292
702454090
700507704
711483020
713046214
709256082
712797924
713283402
720501650
727371904
712720020
711645476
710639160
714661800
713046876
775575838
709449040
706852500
710804878
711566656
708367708
715538242
789367180
714539252
712057696
717687916
711380994
707894840
715181374
714593784
713887708
716706604
725570200
714605468
718233944
718423216
722359238
716960034
709149528
776703706
717834908
718326464
721323064
710195304
716439900
725960174
716371096
721908946
719990884
723546482
716426778
724288324
728641878
726315626
720656096
717953452
726874480
719560972
725229776
726076452
724605512
727842514
776886784
735852180
732367350
730266560
726184678
732553306
727350648
725741080
724090988
727731660
730313346
726146630
725714448
716936670
727627564
733784978
724324322
731470990
730253402
723265478
729073144
729055992
739834270
723832864
793044528
736519768
740682038
728928762
729164470
715201480
722293234
717482656
726177098
726974644
725916960
726460616
724581164
721227936
823350996
735277274
723907798
803360852
726450736
722125216
726165380
719694750
726539616
787200464
727361044
732590120
732515064
722505624
726498006
723288192
725994224
737870426
727652112
733169674
727917188
725049802
727095164
733783276
727103420
732690010
739682842
734426260
730258586
731068758
730696596
733632420
738967698
788392954
732861970
816431960
733201386
741665610
810264596
741419058
738408564
730700710
732744456
734118676
739943114
731327084
734240660
736400264
738960152
736077992
743000864
736658002
735336524
728992142
742539160
738368308
794622064
745103160
746860572
737070662
747592110
741283392
739078452
743616400
740673890
744683644
749558070
740331814
741712506
748106502
737836914
738758460
745531672
740111894
745716120
742834040
740732936
743565422
766223846
813432554
742361712
745831122
745645966
744842964
747144156
742283098
744878188
742806410
749378094
737709686
738292008
751346864
762665326
746340554
753197858
747056142
760639756
751973094
754094916
741961300
748668302
745351676
812394912
750837060
751738270
747558530
746812282
760919298
751807560
743149312
753266168
756152976
892364628
767612818
758148620
761603486
760356394
897539624
807106230
773746858
778839020
767678238
765882052
767272876
825798162
771785762
773884312
766815020
772656884
779023960
764998766
777718998
760822816
768038420
770972316
764270844
765233256
758760972
756876712
763642458
779404016
759787606
764870436
774240520
767201298
771090164
835445480
765183196
780072518
780765946
851719400
764396336
774494658
767189448
771395826
770440418
764160846
771928470
768247052
776857270
779083936
776350132
769952862
777208732
766796222
769509248
770710352
774527872
834178610
777397720
775550402
779433780
769041118
766397214
762717984
769502244
782530922
778898476
782293978
773939876
780881830
782190432
781701924
783871174
777898544
774930120
783798310
785606328
785552206
783952366
837022412
780473676
774268934
780855772
782209280
948829870
772006372
788841308
788609728
783092318
782262956
784119744
790722002
789446374
790987938
783186326
790706546
808414252
794610872
785952418
787955272
790424382
861209152
786535538
873673992
793710740
786300300
780167558
779386084
780760222
796269560
788261334
787049856
789599234
791038286
787750786
784087508
782296016
797325470
786036158
790106106
794085390
789326574
837050026
810203560
792957834
802703522
804303208
801318872
802996506
798348518
800484936
788766124
787495046
780629860
779769558
784080756
791629538
793834390
805377678
801257410
795187276
796036718
803155058
814238144
873170448
794955854
796444730
802879474
796770614
793607524
796748104
793198326
797593764
787792074
802872774
798157992
788932040
800140900
807240362
810316390
805657972
809399260
803143602
809045886
801923788
858104136
803461260
815361410
804675368
797346598
800608708
810879010
812758356
807896986
807190614
802165080
808202606
806079790
803381410
801160906
807722624
811749658
818430530
813423938
818653284
889045562
807087432
878699546
812150186
814443970
813264836
811504608
814699246
826005920
806498376
811630620
811119534
816534110
826111640
811606310
814445804
812695976
820242194
821740304
805748220
817474080
817437592
815692510
885239568
815976106
814729556
812532386
810685304
822062334
821683684
806669060
816664476
815553170
818615980
815496608
817754022
823273964
821620016
825519022
815791242
819153136
812034046
820405772
814260004
894426854
829026550
821661806
816022420
821753150
833159122
825792958
827644612
829673860
831211792
821954742
824095856
818332896
831646780
818096678
820851958
823445740
841420814
839222622
828219858
890173206
825478656
821308408
826482330
823741498
826577550
831847856
832950686
828022146
832405224
829875818
829696530
826571724
832361058
832830918
842609412
838522554
826422394
842738196
825743854
827702450
902244512
833910010
844425270
832964224
835089204
837346928
842596158
844140502
841429036
835112350
832562070
918797108
841413172
831688766
852622244
841759086
827454546
845499244
843209662
843104986
903515908
838792158
847034958
835977564
837955972
845372534
840254250
827126738
835777298
836721646
841773382
843372888
849019296
828827678
846575312
847364598
846920596
835369252
844020492
845286330
890009516
915869160
831004994
834200648
832638284
839746236
833679134
831586996
834680168
842605926
840909152
841776832
833607774
837716564
838340074
837346346
839982650
840419314
838040100
843742418
832189458
894634980
839090094
843391558
850182622
844731712
851762834
851612492
842684260
838624530
852315436
837628238
838190216
841568996
843232846
850065164
858088430
847758702
858129248
860025064
861820352
917245016
855617264
863452996
854348138
858132092
859975116
859049534
864278264
861279402
868305818
858255040
860720758
857624498
854471024
857685926
861806226
861185920
862084922
862904630
853771802
936758632
855380124
874982246
856612378
859112630
862207078
858813464
868879860
874633792
864768500
861888622
868863906
880955020
861960702
861403966
863839246
862879378
865966718
877690702
877460612
938826364
875760940
871391702
860352850
854138652
860393014
856043152
861002776
857629866
883688470
879847200
879660428
871135246
879508746
874142238
869532510
882323244
880663542
876837710
884924600
919075368
883577540
877975758
864674680
871460176
863226044
874535416
955679916
892887048
865612644
865962422
874259982
883580690
888733548
882015200
874501806
880023668
877776420
883890944
957056630
887635362
877751730
879627510
866005572
886469308
889424072
877273724
886095526
871543220
890439068
952927770
875749734
876500874
886308400
880110216
883678690
884171532
887692906
946639420
890384264
884527232
887855356
899509706
897421680
881543530
878175204
892043034
890471522
892051762
878383646
896469598
891834352
884516946
880366110
875077680
899004238
892809836
899083638
959115452
888897898
888340080
892984718
898382544
896463646
900686768
887179208
889994390
897142198
894479078
892385310
888811934
884927720
880088434
884749334
894825512
876594970
881336278
950642144
885755118
897802448
894053402
887645020
884106908
878602780
887290470
882358006
877667914
882040302
887513108
888888748
889990350
894126372
880890216
898074952
892590942
892685736
953645002
910698254
900217450
890162364
903175188
891445078
883946706
894206656
898817262
890440032
887186214
894831402
882361408
900325284
905795298
886589064
896585002
900711210
915813956
958657302
897088678
890202274
894040040
897048164
889921946
903263198
911402774
897740008
894184152
891361362
897018004
898557088
903168710
899393700
970607018
899259592
906152958
888914032
953935868
904203338
891157398
906373120
914040056
898813586
889980604
901083802
913213954
903970852
906226624
901775820
912292602
903358436
891855042
915068618
915529962
907445942
890262498
975340604
906974956
905985324
908070556
896491436
909256186
913282952
926899064
919262094
943096810
906193108
910769348
917950958
904969078
907970792
915318718
913069480
900194282
904453334
977829834
918236682
920429286
922391202
923264666
898955540
910192074
912871538
909610764
917067932
918261092
918571294
927137672
911252764
911484742
912756298
916851652
923393386
918938668
988436784
929016986
920401874
925515494
925694226
920617288
928893248
932114320
915670568
918000792
916709434
931980674
921869902
912671700
925447018
918243256
922062494
924935234
979437480
927109128
929577970
1007185788
917008264
923885896
922175066
921580848
927457942
916333450
918542758
938932928
927171626
943293310
931606656
919649704
918519250
939086174
922224782
989101624
937285242
926460312
920824096
963446868
972364096
951101752
938464442
1100746494
942703930
945635064
949195324
941449142
930939072
938199908
918780388
936247712
947264388
992327596
1017626578
935436886
939747640
933848520
949275076
937043014
938363758
944354602
941696320
942386828
941550082
950709658
940358082
936241526
949805932
952571478
945512814
1003156604
927685590
952158682
937162548
929216362
939413716
933491958
937359404
938306504
944019374
947180858
951841882
940304946
955926130
942388018
943155498
948258638
942889856
1018772582
961255510
951958368
943665538
949591612
945201584
941554810
953869310
957247058
948986410
947876790
941643336
960279566
960705232
957963062
953966114
944916608
955105448
1025725824
948752926
947388864
964333874
958680662
943662254
959671034
959709980
960289842
968451016
945785116
949789562
956827140
950068092
954893878
967348152
953206470
968999740
1031822188
963682180
948582304
960541774
965670284
953188226
966034442
1121875398
953078712
954570610
961591168
977784106
967579074
969622612
966693454
960338796
954879868
968527250
1028266480
958007802
961035652
964819390
964342808
967951126
961716422
971032522
956003866
961174914
970163590
970751284
968057814
960204838
968377324
966158714
1044314446
1028349788
966514028
968373614
970806256
966035302
961491462
972959948
991712990
962384364
968396226
964532942
966760866
958235402
964933232
972921666
976791582
964464946
969096396
1036941490
988791656
959653704
963698896
972161330
963961826
969742144
987622310
980743554
978447348
973455658
982548542
977914794
980989492
977681582
991013422
963827772
1037476190
1172904744
986521274
995759638
999051628
985047272
993192210
992204970
1081463598
1001457254
1002697354
997287350
989506174
984044826
1003409992
999566082
1001882582
1056797672
1010057644
1006395532
1003142262
997851482
1001328394
994730206
994006076
996625736
1003035028
994579266
984479948
988643980
1005811788
997073754
1006684892
999067338
987085006
1068647050
1017324472
1002248640
995564864
1009179348
1002084258
999303636
993455678
986808956
1001802296
1002082570
1005628552
1004390350
1029015530
998623676
997174250
1015031858
1081615122
1024810406
1019273590
1005543542
1020731948
1025205646
1003404598
1004517138
1007495708
1004884210
1012368304
1007767934
1015359060
997084902
1004437304
1039493654
1006622668
1081444974
1025878440
1013121976
1014485452
1017969342
1008010062
1025755120
1017940552
1025089896
1018414666
1015308182
1037257340
1022718462
999436962
1008640100
1021764348
1078418352
1029607428
1010830160
1022710878
1019035230
1023771622
1040457942
1026231242
1016314944
1034798632
1017116740
1028774930
1020252680
1026680626
1033902354
1034262524
1015202182
1097055240
1015732150
1111003680
1023555506
1032938370
1015877944
1031812052
1043127900
1024094634
1030130196
1034559670
1026666140
1036086378
1033430990
1021978712
1031320262
1029252688
1092439082
1033065086
1030267458
1029126978
1021237092
1025407086
1037387772
1030636898
1033501804
1027125752
1029003572
1030112758
1021073178
1010663326
1025053872
1046666648
1092664046
1024407684
1044717576
1030647876
1025339232
1038758366
1039758198
1039863500
1054745082
1036271600
1024363442
1032250988
1025373978
1036682268
1037028178
1036489996
1049296066
1097830096
1049884938
1041561518
1048112374
1030103084
1024259306
1040215398
1045487570
1057997252
1054870906
1058993406
1053184290
1038847546
1033068736
1036703238
1038691226
1093156022
1031705438
1049338686
1032587140
1031509160
1053791414
1045332142
1052412318
1018573628
1041978310
1045778936
1072854152
1037397796
1134650816
1053289652
1047176432
1050390672
1114068616
1040335476
1039142214
1026198880
1042518004
1037889708
1033667702
1036932688
1040823074
1044328780
1057176114
1039695834
1039608142
1025734990
1040777200
1029187750
1105202126
1041711860
1050518492
1053722076
1037581386
1036143984
1050657862
1037434350
1036372402
1028781224
1041036652
1042143518
1055148884
1063019448
1061578208
1058522590
1041684650
1105548850
1124224766
1046944946
1049082040
1040959594
1064313346
1072152184
1060691698
1051417438
1051799444
1051316924
1050340002
1034678182
1046964186
1052244974
1059278796
1122320394
1047428292
1065969402
1055548870
1054472752
1064385408
1060847518
1051411762
1049173858
1052864976
1046243634
1072046224
1073715942
1051943758
1052819422
1048944916
1121278174
1059322686
1045384404
1067684502
1064753224
1058579678
1070308986
1060145550
1048678726
1060031968
1068412120
1061875562
1080876006
1075102886
1055792800
1063176956
1126849006
1067003120
1066461992
1056736260
1057657644
1055222854
1050516972
1061975688
1064721928
1060652244
1062330482
1079397626
1066073150
1057939368
1064020686
1071882958
1107446826
1092063684
1048886660
1057350404
1079881138
1058334858
1086251792
1062070058
1067736862
1081420696
1072767846
1071093084
1064574274
1071677034
1073038740
1067128654
1071153544
1141913326
1081640392
1084594104
1072476010
1075136706
1067470984
1062609774
1065910888
1056268124
1069650584
1095474832
1076463272
1062983118
1064300020
1082954406
1076629554
1120406752
1071009864
1073817054
1080697498
1078888910
1073033736
1067690080
1092463598
1091423086
1089426792
1084756976
1085684584
1084465904
1079739756
1085546126
1147838628
1076218538
1083742582
1090008314
1102783630
1084723566
1155653084
1086806762
1070448230
1081031908
1102375914
1093826488
1083102898
1105616568
1095362962
1167943022
1163355876
1077612130
1087683596
1087264346
1076705608
1089859654
1075239036
1079299856
1103444992
1086773042
1097055430
1096508478
1077250496
1086414654
1103367574
1085367000
1162810908
1087023752
1081342938
1083766976
1106381166
1104439082
1102733166
1099075258
1090660542
1093819166
1083284178
1102458196
1100743168
1088097764
1092825082
1155144776
1102085348
1098819158
1089871956
1105195732
1111967680
1098134548
1099877400
1096372780
1095119296
1091804832
1088832176
1083310668
1123847558
1099890756
1120309712
1178954756
1116391610
1147683396
1108260834
1088527956
1112510162
1091055352
1098083968
1106626872
1122053232
1099261028
1097244720
1114305064
1103774630
1097050938
1105978808
1189266136
1113492790
1116038124
1120994898
1122268560
1106742842
1128098010
1115673218
1119135520
1103333166
1126630064
1114552404
1122875764
1102247116
1118941438
1168924608
1110281350
1150906138
1148152790
1133800740
1134661154
1135643198
1121614872
1146941764
1124428318
1125799790
1168042188
1125451804
1132331300
1132096192
1260672036
1136128186
1141383230
1135808968
1151141672
1150740664
1106492812
1138674748
1129815692
1133321706
1132874584
1137349468
1142885082
1136269984
1149009982
1239493752
1137136952
1334874738
1135401072
1152900260
1145185936
1141237178
1150492398
1141970110
1150433350
1147381078
1151300480
1158346412
1136817536
1168592016
1206311452
1139129856
1141928688
1154698854
1138091934
1145631738
1153127594
1147560384
1141487548
1155117698
1159993132
1150741180
1161602968
1145599796
1146073700
1207864052
1151130382
1150706052
1144580572
1168502756
1164814076
1163398536
1146909176
1159896514
1172951936
1150611602
1151361854
1162184482
1164981872
1166561630
1160221802
1156630260
1157200184
1160881966
1177465756
1151373498
1143819954
1138319442
1156308360
1178867918
1161498960
1173566468
1159066730
1166838240
1216825428
1143479950
1179496740
1167873238
1158255730
1162508214
1154347470
1159613918
1154421456
1172196126
1169148542
1166565200
1166587162
1170373942
1173139794
1222189428
1279685090
1165384970
1156555664
1169019588
1161060322
1170599576
1181782400
1159203376
1182498464
1159846398
1167205768
1160935992
1162411334
1151957342
1231249894
1171400254
1174205148
1164345724
1175749204
1158759840
1143655060
1173223610
1162495098
1170504216
1173136280
1160747360
1161098466
1259638610
1229810414
1171736288
1181598492
1177907226
1172507918
1192137810
1181940870
1200093674
1170192152
1169915288
1190143666
1191667518
1189418322
1180769016
1187356160
1257433302
1172826522
1179389364
1174289716
1187065036
1180226946
1185292936
1201184572
1189765364
1190334126
1195275022
1184112376
1346876820
1217919688
1238282130
1170852728
1206795804
1196719894
1192139178
1206161044
1192651342
1176881060
1199197608
1193252284
1207331032
1227014616
1191237158
1193114400
1249178620
1183470934
1180969740
1197194454
1175999880
1196511162
1189771218
1186578382
1202563468
1175533104
1209684576
1205275326
1261972044
1200890014
1200894954
1244527484
1177687856
1200440136
1203593904
1186728318
1208680282
1206377448
1203903606
1202694046
1186128228
1191129414
1188186156
1189315466
1185128694
1269635302
1181991200
1195752052
1205707516
1199339778
1189796090
1209081422
1208615272
1196175384
1188372030
1218853856
1208497308
1210284552
1211035204
1257510008
1237429938
1204293904
1206367512
1223725922
1215979418
1210163504
1181276238
1178814000
1193251008
1177600554
1191001938
1198484496
1188720010
1280674764
1176324842
1196865228
1185001342
1174072418
1173069076
1208489592
1205886764
1182413674
1171925714
1213293134
1177955858
1198317154
1184722980
1176137408
1264202932
1193757268
1204719814
1192334754
1207957654
1200805578
1198971854
1188820130
1184730514
1214903104
1200110604
1193480140
1203611386
1218351292
1254800572
1214512420
1201888524
1190793644
1209726868
1222413124
1214151218
1236144048
1232645606
1235487510
1239591100
1227240948
1223951522
1193774092
1293222634
1216722470
1231296320
1243431898
1311915820
1245710686
1222574018
1238021444
1212410610
1219926400
1233018032
1252731152
1241935356
1218451936
1314485280
1241758536
1235651120
1242459268
1228433014
1230078126
1224977096
1243057144
1225968426
1230064574
1261407000
1229868384
1230505732
1242040222
1292829696
1243543048
1244324928
1252479614
1259038348
1230826766
1257023158
1236227818
1259113456
1243251610
1248402078
1239138804
1245232170
1237674244
1308179056
1233568558
1231879996
1243654776
1241708504
1269709802
1229313648
1233976430
1234711490
1244861242
1260654636
1245028666
1241628728
1298366306
1251830792
1258008614
1251657122
1256052984
1257472028
1244334076
1255594894
1255807358
1229231350
1250777012
1266748406
1245316442
1262526526
1318911526
1247620110
1257387964
1251741062
1256525450
1335427102
1262493438
1236279392
1264190404
1246374002
1247797226
1264108644
1287775778
1262187920
1310489022
1256147578
1251995710
1263772132
1242826978
1285913412
1262145976
1250342014
1268352330
1247834128
1247297424
1240136476
1264270418
1312269840
1270864810
1250457480
1273442192
1255081566
1248250866
1262992886
1256450624
1265400794
1292396220
1263372522
1259740090
1269210296
1262194184
1401533072
1261349156
1271689586
1267202722
1274837016
1284474314
1273313024
1266423580
1300314654
1297756106
1269501068
1285200606
1260338300
1343974084
1289364878
1279250852
1260454798
1285007016
1275378240
1311460092
1281886298
1257375544
1282414252
1266401396
1276481834
1266399044
1327441694
1324019184
1275164418
1287366354
1280983218
1276278608
1256720618
1280373138
1292094814
1272945314
1280708268
1258973680
1270922856
1273304706
1340864338
1286755512
1284958536
1287664248
1273871426
1297070480
1280647900
1303832632
1272076644
1295393728
1304179132
1301671462
1302674552
1349250106
1275423716
1295828420
1285815768
1296234384
1319131354
1323871764
1305518488
1291199390
1286424614
1287283548
1285867914
1291123038
1351457192
1288766082
1296622574
1268958190
1282232608
1274237504
1291274190
1305998986
1311774508
1287758476
1292891416
1281924458
1318800764
1319676544
1316681222
1290455444
1290311412
1321240868
1295577484
1302010032
1303454224
1294294360
1290045932
1297129770
1288382400
1304509918
1323491986
1366241874
1310104388
1317369828
1307695074
1303734696
1308756858
1297123888
1302590586
1314571288
1321502306
1305083928
1347747922
1305271244
1447989772
1318681764
1316497262
1332061140
1335538264
1306193974
1390149192
1329382688
1337781474
1314005742
1323253946
1301382904
1298625178
1379372622
1325834334
1403580604
1308060524
1329713432
1292223998
1301830908
1318624304
1334963572
1298296712
1300357780
1330474252
1316708258
1373194976
1333723246
1329087690
1318794642
1324532698
1322399322
1337483014
1301614546
1325714842
1320718986
1309531842
1371977718
1323294702
1381404268
1327508718
1334173496
1308917024
1313923632
1295706074
1327090714
1335369010
1300818106
1325170874
1320274272
1507343318
1398242290
1317223574
1345277686
1322262566
1341330172
1324479820
1319777244
1309424720
1320196340
1322405716
1340812030
1333533276
1349310510
1381489350
1327677034
1315605132
1322940552
1306584484
1319331716
1322167472
1331467634
1316180262
1323273022
1314463594
1323199520
1328370414
1394112770
1327409922
1324979486
1327987142
1338451468
1321202266
1340291816
1328858752
1332475550
1347147548
1347809700
1321850516
1330387406
1411961090
1351970714
1328357696
1343303174
1330853096
1348845418
1339445446
1351853838
1347458334
1335923342
1335531856
1342660220
1338836274
1422500462
1418457224
1334602310
1329493406
1338184340
1370126028
1347768066
1402352568
1352215852
1349278078
1441762460
1541043772
1437056076
1339123194
1343364120
1345313348
1355871354
1358993596
1337092980
1345527998
1366209636
1359928736
1349535354
1344835820
1340228488
1477683556
1356142846
1364068646
1356521820
1361966618
1368508806
1345566786
1373101064
1344482654
1391287872
1344473702
1350307512
1368826014
1416292994
1356194066
1342961984
1354892788
1349948818
1350000536
1364278482
1329188622
1348161732
1373163420
1347093712
1375244888
1417926216
1371464136
1349013874
1360202602
1357338288
1353582702
1367821078
1360684814
1351226064
1535189430
1346898078
1346386898
1323826472
1403334100
1335741310
1325727292
1369296816
1352688264
1342329396
1347101324
1347186838
1322293616
1348531696
1321786366
1365677592
1407377140
1330111560
1353440272
1350189260
1331197508
1354799728
1344413706
1347899452
1341114050
1331967880
1330835900
1362842216
1358475812
1411773324
1349004488
1356785722
1343825026
1347145596
1347243918
1368670254
1355298108
1364754858
1348304944
1362838784
1359061534
1356544952
1495133132
1351937558
1359903174
1355776048
1373357124
1369814510
1372627666
1364679254
1342863752
1347302244
1370267590
1355823292
1428279712
1370632952
1350400290
1397046456
1376310900
1381006556
1369940898
1354848620
1373859690
1362328340
1366228506
1374200008
1364000490
1416443634
1360434240
1349807942
1360134622
1373872954
1393390442
1394174822
1375308342
1375581982
1379777800
1379565244
1344092476
1431779960
1373455310
1381170598
1358928694
1373153890
1371878866
1375005908
1380075424
1368537442
1359557942
1397525784
1389199506
1372949068
1453422304
1363712500
1391282218
1406538318
1382951872
1391779114
1373337650
1389088954
1381333750
1381649840
1387246700
1390828292
1434036316
1383373432
1367702952
1386313852
1391542436
1376836206
1387435420
1472034808
1392731738
1379710248
1402268290
1383658784
1451707222
1372480552
1399871578
1395520218
1370531498
1396397246
1371691648
1377440592
1394793288
1385146942
1379735610
1387835076
1390124338
1460113188
1386470058
1402261828
1404193638
1399504266
1397070750
1387311132
1401385604
1395228282
1397409102
1397394438
1392397554
1455920360
1381868626
1396408654
1399875352
1385304178
1395296252
1406381078
1420744684
1394749570
1388224026
1409056810
1401994954
1453946628
1430676934
1401580078
1402870754
1412352182
1402065158
1396038032
1416504994
1418439404
1388046432
1407692756
1408992468
1387341152
1443584748
1405330858
1422484602
1402678636
1389251750
1405902486
1414811280
1412270696
1416876422
1403829016
1408422170
1412115394
1482394292
1429508134
1407071350
1418612580
1427226170
1430809996
1409119170
1416945322
1410276230
1428881934
1398307892
1416388660
1484468592
1422515926
1419200902
1436526460
1420724752
1424765154
1377552184
1423741848
1424775134
1422764532
1418324982
1433703658
1592930280
1446248990
1433828710
1443623812
1428460698
1447897920
1406399704
1473398454
1443024320
1432223660
1433041658
1436106968
1510588058
1439092464
1420333252
1445191264
1465715526
1454140472
1501033570
1449226346
1425167260
1441371810
1449006382
1435264624
1483803796
1448335328
1445698506
1430229458
1453081248
1443049842
1440188216
1443198470
1464455902
1414579358
1446983710
1461926606
1494524944
1434107862
1451272156
1447612110
1436535568
1443136584
1426882426
1426042398
1431262436
1428074058
1439751768
1500977586
1459724260
1438843572
1462577010
1469169932
1449716442
1454695466
1440392564
1476987298
1447995336
1487183926
1434152512
1500980202
1429732422
1450474976
1443836536
1455184458
1448605192
1461771078
1488483370
1455034910
1422791224
1470172260
1458270360
1526698876
1479385146
1421961494
1438961652
1471478588
1469964092
1460642384
1458254398
1451717784
1454249384
1460460396
1452767708
1525655026
1452381448
1461801278
1477552316
1458382914
1480432736
1469467404
1449556032
1471617530
1451320468
1478351192
1538247310
1493781996
1452542068
1459110258
1452421680
1490602220
1486899600
1462762788
1448435348
1464677734
1480132790
1476132074
1540263490
1456403566
1458121602
1474054922
1480208956
1501129656
1478731536
1466441498
1483071000
1497469368
1494632778
1481896604
1522568540
1475506818
1467081500
1489353936
1473082602
1484418602
1483631240
1461855008
1481355674
1463696052
1483966274
1553622404
1495189160
1508205848
1500450652
1592489120
1535268906
1482740728
1659181632
1550229078
1503555118
1488314462
1568452006
1492899768
1481300364
1495633132
1498269782
1522337498
1485987366
1521779192
1498583796
1472966798
1508761516
1470502884
1539870892
1471835626
1508765234
1471126494
1488052938
1486918016
1459608188
1522060098
1510370418
1494750240
1537894402
1571068432
1494122022
1492332248
1498743868
1514808794
1484184842
1494494262
1492329514
1489786866
1500769934
1502040992
1491685602
1569555544
1490056978
1505670020
1499290372
1506601724
1503604512
1501670800
1495074496
1504205578
1496123272
1513544418
1576237980
1506004436
1477371950
1498858650
1536187760
1498017890
1535930146
1679575914
1538788436
1534469922
1538353468
1610542474
1537621686
1487108790
1516536724
1529663270
1520980500
1557501090
1596841016
1549691944
1498527164
1547377136
1545732848
1596941710
1526402336
1512354226
1513424438
1552382568
1545889682
1525581204
1528233890
1547477792
1536019622
1533855226
1590002686
1549560738
1548117892
1557340668
1538641908
1575080766
1534933546
1557997092
1525637780
1574764352
1542216984
1646622362
1527136670
1576861142
1550377116
1551604686
1556166840
1664523832
1556083686
1564855456
1547920454
1550152686
1610068556
1550665698
1581398068
1538260100
1546618186
1564395818
1569581146
1569999886
1547463472
1550001646
1564989114
1628247566
1608196946
1562153898
1546899854
1568724006
1561082214
1576707640
1538278148
1571291506
1541529460
1540377366
1613102226
1576340294
1560873960
1576288354
1575982964
1550181716
1574223170
1569576344
1543768720
1582465124
1545351396
1653263896
1574316452
1552130998
1595916946
1571401906
1564448966
1587135258
1561463890
1564204638
1567402612
1547359574
1652841252
1581344318
1576068760
1569925362
1595456036
1580514988
1571676714
1593369802
1634463882
1576653290
1562188804
1648820194
1603021624
1585961108
1594816548
1571637220
1582794292
1599289070
1566655528
1597233434
1573114642
1631141950
1593692852
1546802138
1577275872
1584293488
1573994798
1576782118
1589403748
1561218326
1559305864
1577944136
1649010846
1584196118
1592320172
1565179924
1609845934
1598482840
1577997342
1595854862
1583524938
1595747486
1576960930
1655377590
1587776584
1580422138
1628938960
1584189994
1594697064
1611364636
1591631012
1617507210
1600655260
1616738384
1645037798
1596342020
1584520494
1577557602
1611238120
1658778782
1589410746
1593178070
1600511414
1598650288
1676289348
1586643182
1613628638
1613820332
1623512244
1592625648
1573677070
1579263350
1607016766
1563715734
1579723544
1668424292
1609695950
1589468372
1589134582
1604626348
1589504502
1611966658
1608637880
1609852486
1591402262
1602473896
1661230232
1612770280
1629140832
1604998516
1634733910
1629165426
1587325924
1586243802
1617751128
1648958518
1693955956
1598525962
1599912156
1602881054
1615147934
1598275090
1573756470
1592737642
1587502992
1631088948
1593308534
1637182342
1584317848
1603646576
1603758692
1583082498
1595407628
1601556738
1603268752
1608328686
1589880986
1595429064
1668577236
1593386534
1600381740
1593383812
1591498148
1568743204
1599541312
1605226948
1592856846
1612620514
1588982556
1648146316
1600334762
1598749684
1610684768
1600337970
1596689468
1598418996
1617400420
1608399132
1617662994
1682670796
1588941576
1595888696
1621251846
1604489886
1585462624
1637992688
1631664452
1604834506
1624637526
1637471874
1664779672
1616915248
1610764310
1628165392
1624023302
1619654710
1619544018
1600866734
1625616790
1614171172
1692924884
1646721538
1618528572
1611737980
1636977094
1628800068
1609190314
1725402612
1617610818
1638062488
1705545952
1674971588
1611873584
1667420596
1638800410
1627370600
1614698218
1625556634
1620351500
1642564170
1624702638
1694506104
1603423546
1619968514
1603534694
1619976730
1626140334
1623865186
1653136842
1618279872
1618178410
1630160404
1712208896
1647044672
1629653070
1619666310
1622766134
1626567232
1629752282
1628997766
1639177488
1650953166
1700301868
1649242770
1645097248
1618167376
1651455220
1665933826
1656629438
1645840318
1611331370
1642491442
1650731164
1704372674
1625337034
1654195020
1655925492
1609044836
1673312314
1668926336
1659687246
1641892618
1624428230
1731845302
1626609262
1642314218
1649596588
1632806326
1650053718
1654198166
1643024092
1629775396
1677011480
1655349538
1714378642
1648386664
1643464682
1655652716
1656120910
1647127028
1649784080
1629022586
1662048242
1688689214
1680422692
1673746060
1665853384
1627594818
1844337370
1679155084
1653828048
1670131058
1669007010
1638660900
1727656716
1697544858
1650197756
1662278792
1690185318
1653455962
1681592386
1677783214
1670104082
1660146914
1668688708
1705821218
1662689194
1692067412
1635778764
1696944880
1645870634
1704362142
1654846056
1689587362
1671971802
1744662282
1677800688
1692601902
1662733128
1637121748
1766191420
1659808956
1686905572
1680336344
1684999040
1777727518
1684866552
1694351556
1685014860
1674473912
1647497658
1658638186
1691219114
1670550256
1670289228
1759040044
1670613632
1672730952
1801364086
1681401610
1708874132
1698675760
1678028320
1679292932
1672416902
1761554920
1690531148
1681335432
1714317950
1699999094
1687485382
1714255378
1713255032
1722127062
1690849874
1770976698
1694097376
1699257498
1675906108
1702043618
1695394842
1692549752
1691073948
1665412292
1669272316
1762358804
1706517362
1710384806
1672227652
1688438814
1702370072
1686620680
1676453286
1722198478
1690974998
1776775298
1701016446
1698804622
1689677538
1897346218
1749875814
1706748992
1718781594
1733009706
1690383926
1804418286
1682670020
1687485178
1689352720
1691907584
1690835738
1738779312
1702154688
1720464706
1697619488
1765898500
1704895452
1731552038
1697600338
1697795230
1725448438
1694606710
1708527178
1706516648
1694106828
1773003558
1704068532
1727205820
1726250570
1705913976
1707969326
1692413342
1732526070
1742454108
1677478374
1772076720
1719410448
1704869666
1724222986
1702266816
1698528294
1732699848
1727944436
1735900524
1715325092
1788455482
1712340180
1702903482
1736647076
1756769414
1704557694
1741853418
1738866928
1707414144
1699301060
1800753420
1690461332
1728746752
1718646122
1724666286
1757765658
1717645396
1717179684
1737776794
1725346264
1782759678
1742368212
1816243382
1748323310
1735089604
1736144932
1759018904
1776231188
1752774428
1728017162
1806826842
1745119142
1739974314
1770439176
1717559724
1763850568
1737256824
1769822932
1780565810
1739078684
1815007796
1746379614
1745731482
1754686740
1760632174
1748891224
1724352720
1753580000
1736679280
1809959568
1759538722
1760376922
1747991320
1761226190
1784787030
1761346596
1769867720
1803765374
1774410600
1834808126
1801976012
1793112334
1784225708
1799807272
1817820886
1762179542
1774740814
1761210252
1842227516
1829562774
1756482122
1766347410
1761560580
1781857140
1756429182
1781318166
1784694656
1777063864
1814523454
1745132408
1764206744
1765205132
1792066802
1766182230
1813396008
1755354610
1755547612
1765541574
1854396900
1783390962
1802847170
1767801706
1744684190
1761831574
1797065994
1776531734
1775019446
1755179256
1853878030
1763759908
1792241534
1776868516
1772630420
1789942018
1771766806
1793204160
1787777100
1819162664
1806778926
1775738006
1793968070
1781925446
1796845956
1790786248
1782127028
1774028540
1786000316
1865533634
1818273384
1786846114
1804540780
1785743188
1800523518
1817056848
1758859646
1771898390
1774177974
1822237370
1762771974
1793471652
1767993504
1767670078
1795096988
1826150148
1823982188
1807654906
1848418366
