9084
8330
8254
8740
9764
10396
11954
12132
12596
13754
14326
14972
14578
15836
16530
17634
18278
18786
19294
53140
20928
21666
22718
23864
23728
26214
27194
28294
27560
28314
30570
31910
30898
32500
34132
34948
33742
34330
36452
37464
37714
37538
39038
40216
38938
41380
47006
44062
43766
44922
51168
47422
46978
52376
50312
51602
88334
50360
51192
54900
55806
56340
56216
60996
55354
60234
67016
58536
63254
60754
66926
67742
68398
65026
70050
71226
73674
83156
107418
73834
74616
78452
78716
78746
83106
83592
82490
83138
81798
86648
88034
115138
85016
87100
91442
91686
94174
86760
93058
88996
95940
90170
93054
94016
96164
95634
94334
99272
94800
99736
123162
108596
100072
104576
106842
108916
103154
110952
110668
109464
110698
112680
109866
114018
113756
116988
116076
185122
113914
115478
118142
115992
117472
115548
119562
120182
120262
123478
123692
125164
124432
126808
137474
130840
132896
131068
134138
140146
134436
134210
135698
140610
140498
141526
140248
141864
145108
145414
149948
147868
149102
151188
153740
152826
150284
158716
152500
154754
218522
212712
218328
160760
160292
158596
197814
213190
167414
172596
174556
169694
170392
172390
179010
176574
172814
172442
177878
177096
175048
180076
184958
184626
183508
187004
183666
185246
184694
185886
186902
218538
189738
189364
194254
191600
191574
196404
199010
207684
226216
164584
165116
167160
163896
166772
170978
171010
167090
169458
200028
163056
170252
169688
168024
171928
168922
170604
174964
169396
174656
168244
169252
168464
168026
170588
169178
172984
173966
203342
206594
173014
171522
175780
176892
173710
174632
174062
175732
178976
172868
170546
186172
172104
173924
175998
178796
178472
179772
206522
174240
177110
173878
174102
186510
175404
174954
176788
176304
175126
173670
180310
177938
180752
180814
184092
209928
183726
179188
184784
181628
185172
182752
183156
182794
188354
183954
201484
190362
189102
193896
192414
189648
198104
194316
197186
193306
192606
210304
197478
196762
197440
199110
202564
206244
202744
204162
204996
207662
208188
209794
352662
275586
230926
212268
212182
209114
209830
214870
215508
232182
232688
216794
217248
215750
219808
215606
221462
228836
221248
218424
223046
223462
221442
224856
228698
227656
228352
240152
229894
233844
231386
232802
232310
233698
232374
230918
241162
233710
237150
234502
238974
237158
242536
239682
244618
251558
242424
242016
242016
243826
242206
244136
251156
246774
261780
246104
252436
258604
275680
252528
261376
259834
268376
258216
266562
292332
251940
247128
249688
250790
274178
252184
256132
254194
259686
255270
260810
256730
269238
259646
261112
258940
263138
257246
334050
262714
278622
264856
263982
269614
268204
267732
268732
273328
282282
271562
270348
271726
268678
266834
297878
293592
284106
272760
278312
275066
278152
273066
278992
298040
327190
277280
284548
281670
282830
284496
281214
297648
283872
284030
285828
291408
294406
290960
294672
293192
296488
294418
291032
297704
299460
291750
303222
310352
300946
299096
298276
299296
300942
310408
301620
304238
299008
302842
301962
309444
317524
303998
307650
308944
311390
307126
310410
325102
321328
337874
317726
312950
316106
318806
329848
317654
315828
319418
320180
318734
319038
328338
334896
321526
325300
324248
325318
326484
338090
325898
328688
352350
327250
330396
343784
330334
335368
328608
338030
341282
341630
350266
336070
339444
342262
363614
345722
355296
344398
344420
373104
394140
346304
347398
352862
352364
348650
349602
354530
349344
364236
354236
351572
357318
355226
352524
371322
364246
355884
357244
371672
366998
374748
362038
367982
369134
365022
367450
380364
376668
368380
366764
368278
368682
377738
370780
372178
375618
374366
389876
389060
380898
377230
378806
376240
387946
388812
379076
381452
385012
382112
380868
399642
394050
388880
390620
391160
438134
421780
381982
381348
389688
379360
379534
394056
383132
381058
384034
390480
396576
389264
387992
390196
387710
386434
420154
397092
390366
391814
394708
396254
405084
398308
394724
402294
418632
402456
390578
394190
391084
393634
397576
405484
418214
392038
396556
396174
406572
398204
395406
488068
406270
421058
539664
419218
570600
581198
529238
496452
499326
432502
430872
429204
440644
460392
430340
440748
440298
480384
458436
453160
458114
472402
449204
440914
475090
433316
426552
440216
429566
430382
431460
437760
441652
437068
436744
449368
442374
444158
438300
437320
440472
447142
511834
447128
447992
441196
448800
457684
448694
488916
446912
454376
459226
466922
442524
440590
443620
439202
429046
432780
430254
434624
443432
454474
441632
434616
449998
439254
435072
445256
439664
454760
443892
441410
444114
446870
454424
467980
442770
451148
453340
454946
452220
461096
464926
476722
458248
457036
463784
469732
471550
584282
649852
662720
721822
703442
711206
700148
706956
709562
705680
710978
696248
736710
685402
679506
513774
499462
499248
527796
508526
515174
604418
539238
537820
511904
522192
545836
518388
525298
520506
527262
512740
516428
518904
530448
522452
527672
528710
529806
543854
540408
566794
546534
562804
556652
548766
543308
592064
568414
557132
556062
551206
555228
563156
570522
574554
600516
666174
616872
630190
580680
566016
563580
597084
572662
565188
659436
562668
583000
565048
565934
600778
585830
577392
570176
572452
580480
569862
571438
572532
583826
574344
579148
575708
589790
581604
579108
579946
584594
584288
582204
583440
590140
594350
563936
564532
610914
550578
554158
553596
567184
552806
632674
554140
595638
559520
560662
559814
595732
567560
565504
567046
579712
564228
567288
566788
576776
572558
572728
574438
585172
593494
577442
574582
588748
577212
576974
579326
586980
576572
578702
580788
591732
638546
564394
566254
574568
563352
576180
569724
579550
566620
567268
580696
580442
587716
571402
572358
575462
590656
560580
576258
602020
581364
578178
599216
581096
585250
581742
594950
582968
616970
602748
605288
629714
672788
642282
624512
674646
623404
604590
643492
597846
598228
604818
607554
582254
586526
581180
582588
584008
629604
590460
590972
594462
612732
592708
591322
590856
601288
592784
588750
596536
622142
596716
594294
672832
594122
600516
617942
597390
583972
583052
598102
587736
590032
598718
625240
787902
630028
690622
742736
608904
616138
626584
641436
616580
619236
618356
609454
618560
609854
623828
612082
610326
619426
612150
632260
616706
627994
617144
615134
634018
624592
620844
622858
630376
624698
651002
630486
627706
626474
631170
640924
635128
635248
638932
636590
634016
651876
709340
654966
638694
654392
638178
667440
689040
626440
675864
641510
713144
628762
636022
638514
636338
629806
628218
647754
631710
643998
642766
647364
634954
641068
649132
636056
643300
684646
659646
662528
667106
668416
682146
669806
665710
691196
645890
656238
646210
647444
660144
648356
652864
703674
665972
676262
677886
687006
670130
675468
825930
742814
691570
786680
750272
704082
831954
691916
685538
686184
722958
673758
675138
743694
690584
688460
703072
697854
694164
701222
693302
704800
675790
710814
680826
677596
691836
679018
679712
703432
698168
788144
713824
723344
687392
740266
690112
688446
703722
694204
698582
734860
954022
944276
797762
721220
718758
720728
739026
717198
711568
722258
732730
714496
721706
715580
716720
727938
714784
717008
730952
720810
749024
723420
723600
722982
721608
735040
729470
726990
744080
727318
748950
746408
738406
734976
751278
798828
758324
748842
743104
762100
844658
741186
737178
749002
740282
737608
756588
744910
747482
780630
751620
741330
754562
748232
751848
762458
751174
748246
780570
761648
738884
741898
739294
767186
768582
760356
763830
768228
782216
765120
776724
763748
774780
771644
762082
1007392
850356
801598
1031700
956162
876434
839316
952920
876986
926826
853808
876798
857558
861824
844444
889544
871194
884794
855494
871020
860468
900502
841290
840740
851148
860242
833736
849364
838452
855464
849504
841848
837342
905428
861724
847592
940626
899716
868462
916254
891016
937774
942162
875530
888818
928818
908246
919342
904080
931582
1062496
1178978
975604
961808
964144
914506
981966
912356
909432
917752
910484
912814
903322
909264
950398
930896
933828
959500
1033784
928684
928940
951450
918820
937860
927282
922394
936590
923432
931278
961870
927712
959746
927208
931422
934228
939200
951090
943856
936836
936200
943588
945502
949382
938490
960930
948722
1014258
946184
1063626
1107714
1139394
1167926
949548
978436
1003148
970662
956776
951338
983256
961976
949286
959238
957788
953616
969556
970072
962414
1036108
932972
963118
915366
916254
925646
1023950
926006
926234
913840
911058
959268
1155998
1216300
960878
961742
969148
971676
1027896
985904
1043676
967876
1006646
984906
968828
986110
942960
951008
932978
947422
940616
958112
949376
952976
960100
967682
958400
945920
951346
966904
951860
952856
956768
1063058
1000322
957700
980220
944880
929888
943250
959422
935232
958766
918900
923816
918802
917484
950738
923164
940140
928422
923646
947128
925476
945188
948862
931748
941938
930754
964326
917346
917864
915890
914902
939146
1151278
940866
1032314
991624
1074298
964500
937372
956028
945514
953850
943358
948114
969616
951138
950782
944884
946690
958690
946464
948924
971774
954662
961310
949610
1063676
956568
956138
964276
986790
1121074
1025446
1032062
1044458
974890
1002584
971902
960874
974390
969720
975804
963094
980984
965240
968422
977542
966100
980756
976268
973414
1005938
974772
988896
980754
979052
987514
981998
1103350
975744
999402
1006326
995734
998536
988828
1024576
987882
998346
993160
998556
1013680
995224
1001172
1009256
1010698
1003318
1002490
1011162
1000924
1016496
1028176
1007258
1013116
1009558
1014856
1010588
1021320
1025700
1018334
1021222
1019618
1339200
1027548
1097768
1187694
1036370
1013074
1021522
1028074
1018684
1052668
1023594
1032468
1031976
1035594
1026732
1021670
1045612
1026324
1042638
1028296
1033622
1105238
1037112
1066128
1040938
1040170
1036694
1051142
1080778
1203490
1151574
1044584
1050528
1054458
1051246
1045814
1088746
1039460
1046442
1041776
1041824
1054350
1054908
1067274
1045584
1050100
1051936
1050716
1061118
1057956
1077176
1050484
1069826
1111066
1086554
1058382
1077030
1139192
1066072
1069130
1061996
1067924
1067878
1081722
1064244
1057932
1068746
1073544
1071702
1069520
1110466
1069446
1074668
1070988
1075620
1081652
1073434
1137550
1082650
1072526
1073908
1083288
1080896
1103008
1207328
1171570
1097088
1172132
1240296
1120462
1094906
1092720
1127148
1059526
1069550
1073232
1096458
1071888
1077532
1072770
1074998
1075028
1071436
1075704
1141342
1083486
1084670
1126592
1076716
1112214
1101986
1285860
1261336
1182538
1124102
1163340
1117980
1112996
1141724
1113726
1127290
1134556
1123072
1128920
1134664
1133876
1140292
1139864
1160506
1131604
1136258
1134936
1138304
1125004
1201720
1146144
1135120
1138700
1258286
1136268
1165262
1146300
1150726
1140968
1146598
1139126
1137410
1150202
1138646
1145990
1141720
1160702
1145740
1170470
1148644
1165310
1153338
1156962
1154422
1175094
1151774
1162432
1148456
1223974
1290074
1212608
1193110
1268488
1161888
1164860
1164168
1182132
1156784
1163270
1156752
1149730
1165096
1178838
1174760
1162218
1167032
1161094
1171736
1177434
1273346
1166688
1175792
1185672
1320582
1509208
1177686
1176250
1194486
1182288
1183768
1218314
1184168
1172758
1177272
1178536
1185042
1193794
1187828
1180194
1188402
1178678
1208082
1193798
1176380
1181478
1250956
1210518
1197444
1241058
1203356
1191734
1200496
1198640
1204566
1214808
1198878
1198076
1211352
1198214
1206336
1222156
1214504
1196386
1209174
1201644
1216444
1221446
1216504
1206942
1217888
1207370
1224356
1230250
1485998
1227612
1362968
1308494
1254354
1213326
1219212
1218396
1224750
1213842
1271676
1220516
1232796
1260020
1237688
1234582
1264558
1229894
1262912
1230158
1235366
1226756
1253804
1268110
1361472
1266722
1343530
1378842
1462268
1692974
1411174
1454010
1406794
1390910
1384846
1392840
1382546
1403758
1386356
1386726
1414146
1350614
1441564
1414298
1498574
1427514
1421564
1396754
1416144
1406034
1437410
1403668
1396138
1404042
1414450
1397896
1407508
1398922
1402720
1362320
1387434
1350296
1773280
1735728
1648792
1532374
1611496
1549882
1454816
1424604
1486810
1424812
1423382
1418954
1435200
1449594
1441520
1434684
1439822
1456342
1486240
1474636
1458494
1453434
1560126
1489360
1441120
1452780
1437666
1488260
1448910
1437250
1492466
1458828
1476580
1455164
1456144
1459010
1757850
1480368
1532772
1474318
1505014
1509976
1646570
1520052
1500380
1539572
1506138
1458180
1466790
1460778
1467154
1478626
1464348
1479482
1468284
1472728
1489078
1470534
1468386
1486308
1525394
1553968
1549964
1575098
1677632
1554398
1484416
1478908
1487442
1484850
1496902
1483532
1489728
1485160
1484052
1501938
1493740
1588064
1497632
1507644
1542820
1688870
2058134
1642200
1543274
1520456
1504756
1507218
1512962
1499932
1492890
1505564
1512686
1518464
1511222
1508064
1506602
1516582
1522134
1655818
2352932
1874602
1580670
1539098
1528672
1518380
1541680
1525786
1518686
1526804
1519636
1532896
1527014
1532870
1528336
1559938
1576094
1555132
1739300
1990574
1633426
1579432
1537646
1568856
1543780
1525224
1539794
1534540
1560150
1544416
1545794
1534826
1538208
1587322
1537674
1599782
1780694
1913298
1679396
1617060
1557396
1599774
1543154
1557952
1553646
1587100
1552752
1567458
1560586
1546016
1582810
1555170
1618366
1570400
1629442
2041164
1585676
1604352
1883694
1598258
1606448
1604270
1644010
1571684
1567294
1559926
1561456
1585510
1558228
1567246
1559520
1592660
1738430
1992186
1667328
1637746
1593270
1574408
1586460
1589152
1604264
1600482
1605736
1630758
1675904
1601122
1614362
1594202
1586662
1636128
1753432
1736912
1633950
1629868
1648552
1909056
1640206
1645882
1634532
1605436
1604936
1637194
1605220
1609324
1613072
1619134
1654228
1731114
1941610
1712490
1688864
1638856
1632630
1626100
1614214
1630878
1611384
1619274
1626088
1632900
1623364
1632404
1627306
1694768
1657630
1765886
2009120
1707524
1651560
1647812
1695766
1637142
1639700
1640070
1653732
1654424
1641794
1638744
1645222
1651044
1662364
1749026
2668896
1825906
1728896
1658906
1683152
1685774
1646044
1640762
1665666
1656962
1647768
1650312
1648658
1682866
1664052
1664912
1763004
2183874
1951610
1745908
1684876
1698876
1671592
1668756
1675860
1674554
1663334
1675400
1658810
1691696
1683066
1672186
1762222
1774112
2360058
1749474
1764416
1694212
1711550
1674144
1689060
1680986
1691300
1678770
1678076
1708698
1679418
1683988
1695218
1817086
2346448
1927098
1797088
1710138
1728870
1687788
1719396
1709028
1693388
1702060
1707206
1715274
1696776
1707834
1781820
1760512
1864026
2683132
1842122
1787750
1727638
1743934
1730540
1726180
1712958
1729254
1745756
1738798
1741634
1739718
1759924
1808904
1827208
2251696
1926262
1828216
1749716
1779146
1746952
1729964
1736350
1734686
1756756
1760272
1759602
1785094
1707500
1711122
2112398
2253354
1925106
1772112
1805610
1759592
1754098
1763240
1772658
1769774
1757718
1759748
1779320
1773908
1842902
1944970
2249906
2055062
1904372
1806398
1798182
1767568
1774740
1796836
1771268
1809362
1784300
1800466
1790936
1764824
2020440
2158962
2285402
1978950
1805894
1818192
1787050
1786580
1797758
1793256
1781024
1774200
1799582
1794936
1797686
1906990
1941320
2343024
2232034
1803232
1820712
1813430
1836904
1808808
1804202
1795016
1817422
1790430
1817372
1828792
1831378
2027130
2083206
2113416
1842348
1817426
1844482
1822292
1809902
1821476
1834860
1829932
1823580
1829664
1859342
1897216
1880668
3002262
1975340
1908494
1821834
1868350
1862562
2127940
1836700
1835770
1835098
1838052
1862076
1843076
1970532
2158396
2013882
1934168
1869014
1877656
1842052
1847698
1853372
1866226
1856036
1841666
1852916
1872370
1856310
1915320
1884546
3040586
1948670
1908310
1899734
1865666
1885830
1862228
1889640
1860500
1867634
1865478
1893338
1875556
1932710
1932810
2724186
2103498
1976602
1895962
1895272
1891990
1925642
1886370
1902264
1894912
1906014
1879530
1899962
1903524
1950104
2304598
1992372
1914844
1918804
1920904
1915524
1906814
1901544
1915704
1907126
1906184
1900392
1917936
2030866
2147604
2005724
1953682
1921814
1921342
1929098
1916628
1929708
1907848
1937210
1917392
1919104
2020654
1927860
2214850
2080814
1981304
1953208
1926382
1936396
1922160
1923148
1950008
1932910
1931112
1936688
1946800
1997782
2192216
3236870
2086566
1998126
2009804
1946844
1989198
1963394
1961250
1973784
1975100
1977570
1950734
1957758
2045886
2198280
2037068
2252152
2023026
1971162
1961498
1981226
1960888
1968942
1959466
1994754
1975320
1979116
1962046
2169722
2197662
2112114
1977552
1981866
1982324
2006110
1977286
1988056
1987160
1996506
1990986
1986822
2073120
2490724
2279508
2103790
2011912
2003692
2023180
1994946
1991432
1997578
2019618
1998976
1996278
2068942
2037154
2795808
2130352
2045522
2016294
2024068
2018674
2015260
2006190
2034650
2233746
2009922
2037224
2084362
2082230
2991724
2170678
2058994
2044126
2043038
2038514
2037276
2062108
2039416
2032466
2035988
2036796
2146372
2675746
2415964
2086704
2092488
2038482
2046762
2049622
2113168
2043126
2041222
2059336
2045424
2053980
2310856
2218236
2106874
2094552
2096416
2049196
2056724
2070086
2055692
2058010
2069826
2066112
2154514
2065804
2685384
2171186
2163146
2062530
2064284
2059506
2088806
2077040
2075650
2098614
2063390
2096768
2073082
2178726
3178510
2346132
2093822
2108928
2086112
2084150
2081086
2085742
2114498
2074064
2081268
2107486
2101864
2732998
2217194
2121976
2105468
2100666
2124714
2103220
2099834
2116268
2088450
2087012
2090036
1993650
2031892
2322358
2199000
2109020
2171680
2109018
2102880
2130698
2102024
2111900
2107744
2121132
2180864
2162060
3330968
2243186
2138314
2131412
2130036
2124132
2136494
2125340
2130948
2154354
2122270
2143686
2177696
2430642
2233530
2164554
2135122
2139126
2120038
2157518
2145648
2145444
2160278
2131018
2054594
2139354
3088532
2384418
2201914
2166520
2138042
2183012
2157660
2094788
2096166
2127860
2108162
2114228
2437262
3041916
2471784
2419286
2472506
2242672
2231410
2190336
2167074
2191352
2144284
2156240
2657722
3035366
2200268
2195422
2228352
2184290
2191918
2150518
2129560
2113278
2151222
2216856
2428492
2996814
2275102
2261914
2203028
2186314
2197598
2146714
2143536
2149822
2155890
2201732
2416360
2961230
2321276
2297476
2212242
2213260
2228814
2218020
2235746
2165844
2158516
2308938
2402974
2904910
2371660
2271798
2206390
2234660
2229404
2211256
2226982
2252890
2186422
2263890
2703858
3068488
2316480
2268744
2251250
2254818
2245898
2243514
2262708
2259390
2234932
2289848
2457860
3123640
2389644
2272600
2279620
2262910
2262788
2271288
2269294
2263980
2227982
2308326
3088238
3300770
2363858
2289654
2297190
2265824
2283090
2283622
2299848
2241242
2175938
2329624
2909506
2975228
2294062
2318024
2305868
2290532
2324008
2295766
2304466
2321978
2302098
2288074
3042328
2770246
2359324
2312416
2327852
2326586
2332230
2312234
2328692
2297718
2320522
2667518
2811722
2452778
2353648
2318044
2337916
2338640
2336494
2306706
2208720
2202932
2359380
2599150
2870070
2424646
2348590
2373458
2368022
2330960
2340694
2321230
2217976
2219672
2528068
2542648
3058036
2540976
2414552
2429100
2355270
2350290
2377942
2361306
2355594
2469450
2444508
2717086
2734996
2384222
2385780
2374130
2373122
2393050
2348192
2263706
2252260
2390946
2768924
3217418
2447360
2534020
2373378
2379218
2398836
2380932
2381828
2380172
2432838
2945072
3119034
2470388
2441174
2399962
2392734
2405790
2396890
2383902
2314698
2327308
2450978
3356504
2493074
2411488
2407966
2414508
2415560
2412090
2420700
2409670
2496406
2948674
3257786
2477054
2433376
2414626
2433106
2412664
2411160
2418612
2421410
2446984
3072214
3416040
2443428
2436902
2448200
2428698
2428996
2432716
2432254
2445106
2496440
2439428
3273890
2465142
2446956
2439688
2445280
2438114
2445344
2446390
2441872
2439798
2996060
3388852
2484542
2475052
2449976
2450258
2477690
2459222
2462840
2432914
2440322
2949892
2988136
2584646
2496962
2468920
2472658
2445560
2335212
2319416
2351484
2326166
2424092
3476786
3061162
2515754
2493030
2459414
2391146
2329866
2346160
2330642
2283858
2430038
3478684
3533874
2504418
2493974
2511390
2494364
2481948
2454012
2434438
2406272
2463748
2933240
3383804
2546314
2513022
2522590
2530356
2418406
2491812
2408584
2436516
2514514
2965564
3102756
2554528
2375072
2415934
2374336
2367336
2321646
2521100
2316072
2434514
2614338
3140338
2671650
2553828
2512670
2540978
2458122
2392146
2383812
2399490
2425132
2468020
3281628
2547214
2545908
2543964
2557542
2543084
2561036
2491438
2456626
2588114
2910010
3424460
2578008
2557788
2556884
2544590
2410142
2423566
2451810
2358886
2497024
3021516
3435364
2536120
2529606
2527974
2498612
2435152
2439794
2432332
2427062
2472770
3465742
3613232
2675938
2528322
2520838
2515380
2498270
2478464
2440334
2461050
2547574
3322394
3466312
2559680
2555602
2524456
2485922
2485816
2463566
2490590
2396682
2591800
3482412
2722244
2665344
2622888
2617620
2634414
2620090
2540862
2557928
2774292
3905306
2716686
2679822
2626920
2647964
2639628
2653168
2629604
2587360
2729400
2785450
3275016
2748956
2671112
2678538
2642872
2630784
2602688
2609670
2593378
2720598
2951626
2834716
2581796
2590996
2545938
2519448
2547496
2462390
2447682
2566466
2442006
2447240
2411022
2401372
2442168
2399336
2409428
2414356
2366304
2347340
2345684
2355226
2344384
2342914
2348026
2349842
2332222
2351792
2349346
2361044
2354900
2386890
2358426
2354872
2365380
2353036
2352438
2359932
2350398
2364258
2369552
2361352
2350324
2365400
2359678
2373924
2394558
2308948
2296212
2315200
2306514
2310384
2327246
2310528
2310938
2315484
2311842
2312470
2323424
2332674
2306240
2322430
2319756
2312792
2329690
2315678
2314352
2428904
2318804
2330666
2324848
2321890
2316740
2324786
2303786
2405218
2327888
2329868
2423612
2341228
2332048
2417026
2339796
2346950
2434970
2347710
2337116
2357214
2353120
2337372
2710820
2353344
2338324
2442476
2348658
2345454
2448736
2365396
2347940
2445614
2370534
2345454
2447666
2365398
2344548
2444138
2357784
2356754
2374618
2357644
2356746
2359828
2365546
2359792
2376262
2361340
2452282
2379606
2371996
2464998
2380810
2379892
2445680
2381408
2374032
2474134
2380746
2381188
2465994
2385568
2391580
2476574
2398808
2391406
2475924
2404994
2336866
2343908
2281430
2425302
2264604
2287172
2284398
2280282
2292584
2416884
2277432
2284910
2376988
2283028
2295032
2389250
2278170
2289800
2370622
2285720
2299540
2421504
2290968
2310456
2380468
2293970
3042176
2569480
2428668
2517412
2426300
2432062
2759556
2441954
2514872
2444180
2437582
2462632
2529442
2440032
2467826
2453172
2458796
2461026
2449552
2450902
2527928
2455174
2454230
2551488
2458938
2451268
2537904
2449742
2454838
2531220
2453652
2456312
2468026
2463692
2543530
2454562
2465216
2544906
2464500
2456652
2554224
2475258
2476144
2545304
2482344
2558944
2478130
2468294
2571880
2483394
2503068
2564198
2493956
2498510
2624826
2472922
2483744
2568576
2491698
2557382
2506934
2508366
2625394
2584392
2508516
2600216
2512236
2499058
2492976
2513630
2592316
2518166
2515316
2506896
2523348
2515152
2618872
2528472
2510866
2539420
2542338
2542828
2535922
2532684
2628510
2547962
2533808
2543680
2518882
2617618
2530200
2520862
2498620
2407078
2428380
2518566
2421156
2431314
2535280
2419278
2423340
2433622
2437218
2541326
2412958
2431314
2557984
2433384
2431886
2497156
2452812
2445174
2452408
2434692
2531982
2430952
2451712
2558644
2455088
2438996
2534998
2444938
2436334
2441398
2442638
2509546
2444522
2450302
2566830
2454198
2447954
2623750
2449364
2454646
2453038
2455312
2508400
2455848
2453546
2581346
2454788
2444574
2654766
2466382
2514318
2460048
2464444
2540952
2456544
2459662
2573462
2468102
2446634
2534362
2591480
2754296
2668434
2654960
3120102
2747334
2784486
2657508
2660094
2659616
2663326
2665246
2729082
2750158
2670784
2603562
2603974
2703444
2678744
2676476
2636124
2606422
2694202
2610444
2606536
2783490
2675700
2754764
2617436
2661910
2723216
2679708
2686460
2717704
2620378
2702530
2625802
2656988
2705898
2660202
2636972
2630594
2630452
2727200
2628452
2626094
2707958
2631784
2709406
2638596
2627358
2730364
2638814
2645584
2703648
2648136
2724468
2651398
2626570
2731520
2644162
2651242
2645886
2645010
2730538
2640054
2660866
2744882
2796860
2738806
2664208
2660580
2820876
2823236
2683352
2667522
2665616
2760778
2667720
2657448
2660166
2655846
2767130
2663430
2676994
2759954
2676202
2755320
2670196
2659842
2685578
2676580
2730708
2673702
2669666
2683870
2676426
2667930
2692896
2680672
2694794
2683780
2691246
2762902
2692068
2686548
2691144
2690780
2697520
2702024
2700852
2694958
2695696
2783190
2707204
2697374
2946956
2786728
2789460
2743212
2783252
2766522
2768278
2794512
2710158
2714684
2824636
2775992
2802282
2719576
2766184
2826344
2793346
2834994
2807908
2777032
2808654
2792618
2809030
2719476
2730288
2806110
2790890
2892310
2789410
2741580
2836644
2737064
2823936
2745398
2741514
2827138
2755038
2839036
2759216
2753374
2851336
2758548
2909130
2750970
2755808
2772866
2772320
2848688
2839670
2831662
2804646
2771200
2864790
2823426
2812748
2854276
2772508
2783354
2766220
2765176
2779736
2774152
2783796
2780110
2783218
2862372
2788492
2868640
2789988
2785144
2801494
2789164
2798140
2783192
2768014
2866348
2787112
2791936
2796642
2781982
2883724
2789892
2883020
2798674
2825434
2888424
2803688
2824776
2805410
2800054
2809490
2782234
2806294
2797944
2797024
2802374
2809062
2815676
2810890
2817528
2814036
2813658
2895534
2813564
2817308
2818316
3514252
2915554
2982554
2911602
2881980
2887726
2892026
2856572
2962942
2902586
2923176
2905384
2898316
2903652
2896286
2910916
2884306
2824688
2923120
2905094
2905704
2872000
2897742
2916178
2906066
2909296
2910084
2888332
2831676
2914232
2911814
2899466
2920348
2896790
2923614
2919956
2910500
2879540
2845188
2837258
2962882
2911840
2924100
2890796
2846880
3019288
2910782
2999132
2849842
2839516
2853798
2844414
2923160
2859046
2949296
2848316
2848584
2942772
2864370
2930160
2863934
3000078
3028086
2937508
2941016
2902528
2860968
2859536
2859556
2948020
2865520
2871538
2872396
2875044
2971668
2868654
2957436
2878218
2877346
2885116
2885118
2961550
2880644
2879888
2894322
2887588
2967152
2896726
2894740
2908010
2895284
2981048
2901318
2900990
2909114
2908124
2984512
2894836
2913400
2903634
2908160
2993234
2916172
2928748
2921934
2925596
2919436
2921574
2995496
2923312
2933588
2921070
2923378
2933648
2939116
3006460
2939446
2931024
2941168
2930158
3018206
2935954
2929052
2936520
2938964
3029274
2933918
3021226
2942528
2932508
3029058
2939624
3022706
2936722
2993290
2948294
2940636
3027946
2939806
3043870
2958782
2948978
2949098
2956426
3044476
2952124
3028822
2966604
2971038
3046304
2959874
2977624
2979832
3063872
2972036
3045780
3644276
3258130
3052686
3700958
3096868
3071036
3068208
3157888
3110450
3077692
3074702
3007710
2999822
3100360
3005026
3088920
2995678
3080754
2982996
2992478
3103716
2996408
3118114
3006564
3098810
2999886
3001674
3010554
3004142
3021136
3003920
3100382
3018772
3098406
3003232
3026972
3032370
3019284
3023142
3026312
3106204
3201568
3358710
3103558
3020298
3111744
3020370
3035226
3033980
3112298
3030354
3038220
3041592
3032614
3127214
3039038
3051354
3044804
3125152
3204064
3073418
3056246
3057374
3151536
3081298
3063044
3054282
3145718
3051392
3045140
3046484
3064478
3140146
3061522
3059554
3065694
3142940
3061664
3124582
3066960
3072112
3157930
3069242
3075902
3068644
3070932
3069486
3081522
3056700
3084160
3082998
3087792
3102902
3079184
3157522
3086518
3079432
3079178
3082492
3178714
3085604
3156730
3068178
3101026
3091088
3081980
3082570
3093902
3097762
3087736
3177098
3100138
3097470
3090748
3081880
3103850
3096038
3177664
3091324
3186548
3106614
3173498
3089642
3234362
3108064
3108118
3100764
3112774
3182944
3104908
3111104
3120056
3187780
3107028
3096564
3127682
3119396
3193830
3110744
3125850
3034130
3091984
3112790
3028992
3053554
2976640
3095748
3002814
3096256
2972528
3087252
2979442
3099512
2980152
2977046
3085652
2994980
3067042
2982528
3111512
2980546
2993112
2986550
2997218
3072174
2985030
3064758
2995860
3110776
2993218
2991420
3020936
2999462
3117132
2990436
3092430
3001760
3104654
2995448
3016340
3010130
3011688
3074196
3006284
3086174
2997756
3115398
3020076
3168440
3015238
3012770
3029492
3012656
3099820
3025274
3106446
3017228
3100856
3010002
3264236
3022938
3018280
3138474
3029202
3037754
3031952
3119650
3027588
3030840
3020566
3017012
3031202
3104684
3110930
3023058
3153140
3031128
3028256
3031188
3038370
3038046
3106284
3162166
3050890
3121570
3038050
3151378
3044020
3124498
3036794
3035212
3061244
3046644
3130424
3041224
3161822
3053144
3182062
3120388
3185370
3060318
3051346
3052922
3065066
3410588
3368144
3204892
3070654
3194714
3066478
3149460
3160882
3201646
3071850
3194990
3093122
3083242
3075942
3073954
3197192
3084778
3159670
3070516
3179046
3092676
3173514
3094130
3183170
3091838
3100032
3086124
3096430
3179052
3100000
3181046
3100480
3181178
3099622
3334092
3103862
3196424
3217270
3113054
3117480
3114150
3200720
3104316
3241864
3118296
3195954
3107070
3249022
3118086
3223142
3107782
3129188
3117416
3127956
3251126
3137468
3246560
3125932
3128248
3136940
3204298
3136302
3206858
3133028
3207534
3127292
3131958
3372390
3136222
3139556
3139698
3267456
3159774
3228818
3681708
3396000
3324986
3327982
3305158
3703916
3309644
3395602
3296136
3402900
3309936
3419470
3323028
3862330
3327742
3422520
3323272
3422254
3322270
3422150
3451970
3429786
3320146
3419966
3315140
3414970
3347822
3417526
3347556
3430182
3337644
3347134
3326538
3422036
3349104
3349070
3353508
3361476
3416036
3204248
3285516
3187042
3312538
3189502
3268336
3201450
3306384
3188240
3318572
3195560
3305020
3192694
3304148
3199306
3193252
3249628
3193802
3206486
3216904
3314632
3192594
3337226
3208194
3291480
3282418
3410056
3212942
3325184
3204278
3340448
3211016
3329828
3202050
3302100
3211728
3327692
3208144
3230310
3214858
3220310
3354506
3229656
3374050
3229460
3332998
3235514
3343792
3228982
3335790
3233944
3356452
3225426
3339216
3249388
3401476
3273362
3370374
3270120
3254284
3245592
3312242
3249784
3322500
3235728
3239038
3257846
3246184
3246866
3236798
3370660
3264758
3260386
3253192
3331926
3261412
3345850
3246274
3343740
3265346
3260632
3248344
3377542
3268032
3334284
3266106
3368538
3276428
3388992
3266392
3359412
3270636
3343494
3270912
3287002
3275346
3267276
3267340
3289798
3281962
3283960
3351292
3294620
3306922
3288852
3406690
3287378
3385486
3294376
3362916
3299516
3371470
3317582
3361320
3310710
3384858
3298936
3411752
3304458
3316532
3300028
3378668
3306244
3423880
3306538
3380706
3311638
3313274
3303282
3416100
3312598
3390866
3310492
3395168
3361498
3327882
3319044
3318130
3327678
3314052
3331114
3311766
3370772
3330100
3325898
3318664
3449026
3324710
3416448
3328964
3428602
3333898
3411826
3329486
3429780
3413306
3429862
3335210
3476992
3345772
3491346
3337056
3438660
3347242
3468590
3350452
3441008
3361070
3474742
3353962
3431594
3355536
3445458
3383338
3460728
3528762
3436946
3445902
3488680
3369582
3527070
3391004
3525882
3624604
3494920
3397522
3480392
3401564
3467390
3408842
3513756
3398384
3383348
3399698
3484468
3403814
3528876
3418516
3418784
3400634
3509612
3418724
3412146
3415396
3408218
3418240
3422026
3411034
3400300
3426280
3502996
3430826
3401748
3431544
3442780
3441450
3418028
3915936
3625970
3610698
3590966
3630700
3616428
3613810
3583462
3617602
3617732
3619750
3586924
3584698
3455114
3557246
3433386
3788474
3649400
3698626
3600118
3635534
3623286
3475906
3432024
3458258
3464332
3457266
3544282
3462774
3587474
3462846
3673560
3466244
3482152
3463768
3554168
3471844
3559620
3473218
3523242
3474022
3556768
3466166
3530512
3482690
3573384
3470376
3531194
3493440
3567338
3557926
3536994
3491384
3494942
3483570
3576778
3488020
3528114
3483242
3633616
3820786
4214130
3759592
3647792
3755698
3678226
3870646
3647974
3757324
3681540
3681522
3670720
3678100
3693992
3681746
3652420
3513024
3632090
3507180
3718682
3585782
3626480
3502962
3574570
3510434
3789066
3508652
3650758
3590374
3566476
3507876
3493370
3615916
3522024
3665016
3495554
3683804
3521426
3673554
3498294
3612494
3535496
3605832
3496866
3657964
3533654
3652366
3518102
3631740
3621776
3599042
3534162
3558230
3546726
3538660
3524234
3549624
3658516
3535808
3864388
3550288
3625970
3546826
3518062
3550902
3673846
3540416
3535048
3564418
3633578
3539568
3532738
3559278
3558880
3550594
3524986
3661584
3564684
3570928
3528106
3651366
3575222
3644820
3549746
3656714
3563716
3569924
3543008
3691926
3568840
3652778
3540790
3573596
3653018
3575278
3659956
3583946
3663570
3576934
3633394
3587668
3590228
3576182
3633902
3591762
3706718
3576240
3712514
3595204
3630046
3577370
3563032
3676402
3600026
3784226
3588198
3620956
3604696
3713314
3580502
3695226
3605450
3746032
3578990
3706200
3610320
3590118
3655324
3615342
3714198
3600774
3739148
3634004
3722168
3612916
3721996
3615188
3701498
3610216
3620578
3630492
3604854
3788554
3665432
3761942
3630724
3776282
3719198
3715072
3607434
3645458
3638310
3639622
3639914
3632274
3711982
3636556
3734224
3648332
3729758
3656092
3798786
3655688
3727358
3727756
3648488
3778298
3658076
3740062
3660470
3741312
3651274
3780166
3668700
3747814
3667190
3754706
3782628
4116724
3872680
3866276
3936266
3862200
3874672
3868282
3866304
3874638
3862590
3968782
3708146
3775462
3683486
3809956
3705328
3788892
3702228
3711858
3780966
3710380
3818732
3707852
3785032
3706408
3816586
3699218
3791674
3711064
3707068
3712798
3713766
3804302
3716076
3812030
3720384
3836540
3716534
3717404
3716312
3723804
3948880
3724288
3728634
3746038
3806096
3729006
3741214
3749354
3725478
3852666
3733312
3838330
3729038
3756808
3737748
3859476
3727210
3810456
3738296
3742036
3836580
3749922
3825164
3751204
3847704
3741092
3869566
3753336
3739844
3870548
3748580
3832356
3749762
3872464
3824876
3859176
3758306
3750848
3758184
3963472
3892590
3838024
3856060
3773440
3829778
3763730
3756142
3883194
3753600
3843360
3759628
3848678
3753700
3781298
3759704
3768042
3844292
3771764
3840244
3992730
4714248
3973918
4300834
4156866
4020672
4210836
3970886
3978908
4042876
3986142
4088044
3975236
4055528
4055354
4001788
4096016
3976560
4070682
3984644
3909988
3894220
3802082
3873760
3801156
3873158
3804074
3915386
3811758
3875468
3902988
3807920
3967992
3801084
3956596
3800964
3814560
3879282
3812040
3885600
3818894
3927594
3822328
4021426
3835368
3816020
3910740
3821926
3952294
3815338
3914248
3820468
3837622
3933608
3823710
3900778
3839722
3951866
3852066
3961144
3959118
3835470
4019426
3834986
3967758
3839778
3971350
4008494
3858976
3926350
3853064
3955274
3863400
3966226
3867496
3927218
3946808
3858274
3947790
3852294
3946006
3847082
3869870
3972612
3860240
3939756
3949880
4026734
3875446
3964090
3962582
4194484
4499396
4143820
4072338
4158006
4091460
4156094
4079286
3948820
4012110
3874068
3972862
3863918
4006462
3870078
3891366
4029232
3906788
4001452
3907638
3993718
4031526
3882460
4018810
3894646
3988932
3875264
4011846
4010044
3930516
4098600
4412436
4157962
4186662
4090954
4189774
4135296
4120742
4095242
4115292
4180712
4127814
4107636
4134446
4107038
4140902
4111896
4124052
3915888
3950378
3998950
3935546
4046940
3971782
3992262
3957054
3931118
4137824
3927526
4065250
3933052
3952712
4003832
3957822
4200726
3956816
4029252
4080510
4059810
3973846
3952904
4052334
3940366
3972956
4069580
3977788
4024144
3978702
4068628
4056046
3964158
4117122
3966310
4231350
3979280
3999388
4057890
3995886
4081374
3990464
3954622
4065016
3965624
4077728
3963708
4442526
4058722
3994690
4086750
4004236
4060634
4002578
3982522
4116826
3972604
4238112
3979240
4081558
4072356
4032510
4099908
4002808
4072424
4101036
3988196
4135298
3996128
4094690
4074116
4012472
3986274
4022500
4102234
4008838
3980716
4096646
3989124
4102422
3990076
4145532
4079486
4030034
4073812
4028902
4195972
4139370
4001266
4109046
4005456
4146448
3999496
4031830
4121058
4034144
4086832
4040984
4010426
4187198
4068462
4231894
4007724
4044472
4131590
4042562
4091490
4031748
4139122
4121742
4012214
4166872
4002578
4122700
4019818
4047802
4090574
4121454
4141060
4139486
4635272
4350260
4232096
4353300
4327168
4396998
4325516
4261860
4320276
4272420
4245974
4359502
4262574
4315602
4328006
4268176
4246708
4286352
4250484
4330274
4042650
4226852
4037022
4080936
4169742
4074488
4165916
4087700
4165120
4166376
4054008
4197414
4054754
4158498
4177764
4088244
4135424
4091846
4173474
4097766
4067596
4246470
4388182
4368754
4082842
4101760
4193714
4094006
4083874
4216156
4066798
4219002
4070984
4223372
4126718
4107922
4156794
4117190
4175054
4112780
4076368
4265968
4086592
4230390
4086752
4120454
4203042
4125016
4177520
4128138
4168442
4202632
4098874
4357112
4614800
4316574
4320364
4338304
4306672
4423928
4299536
4359182
4299844
4334816
4316272
4354934
4389294
4351596
4309028
4258362
4114966
4224764
4200492
4225986
4237218
4159518
4229076
4234366
4125348
4346610
4119664
4260530
4237214
4161216
4137376
4162604
4254246
4247276
4135788
4291180
4144488
4178144
4260724
4174534
4148134
4166110
4140850
4183646
4148238
4252674
4158508
4183012
4275140
4185952
4226746
4253260
4151708
4259728
4149704
4349624
4198784
4204324
4273762
4200006
4161798
4276808
4162994
4287518
4196044
4292812
4285396
4176800
4328032
4210048
4270480
4289022
4209648
4331782
4284532
4199796
4291698
4217218
4397396
4220086
4218882
4282380
4223930
4207200
4306230
4219738
4201634
4224672
4331658
4346502
4221168
4212668
4225412
4312654
4229754
4254478
4320340
4213456
4238634
4347300
4248146
4258944
4296316
4257558
4253066
4213948
4322538
4301786
4244134
4339108
4224780
4257666
4343002
4226732
4268116
4304182
4446772
4356048
4224444
4298000
4267440
4228324
4342072
4237916
4271070
4393750
4257492
4294930
4353712
4271864
4277314
4283756
4349642
4288496
4258224
4402232
4270034
4242946
4349960
4258652
4301072
4367136
4262162
4364322
4281440
4290768
4357924
4296354
4367292
4307428
4276738
4413098
4283290
4459032
4369554
4299560
4380426
4346922
4289742
4433842
4309602
4399418
4404044
4317970
4421726
4315794
4303904
4435786
4448764
4316096
4384584
4315092
5653230
4662724
4557446
4645156
4622574
4556008
4538454
4625712
4541880
4579046
4602754
4549096
4558900
4678332
4370670
4465886
4340636
4346366
4460250
4344708
4455610
4472480
4326892
4424974
4420580
4354188
4415072
4348848
4466432
4433698
4322594
5009320
4655644
4575486
4550842
4595728
4585300
4600654
4562604
4585294
4668642
4588322
4551534
4680822
4593578
4440716
4463016
4377132
4459402
4496728
4348870
4480198
4569000
4391700
4442114
4390042
4382394
4407978
4395642
4488978
4468984
4396018
4513260
4368082
4394854
4475828
4400154
4441276
4451760
4477420
4484502
4518708
4376884
4491548
4418818
4490448
4448866
4433612
4415290
4506364
4385870
4534610
4585540
4424424
4544680
4542678
4400420
4581652
4442868
4445542
4549246
4396324
4424040
4554778
4427050
4555382
4515238
4432974
4744578
4563556
4506796
4590640
4546790
4448416
4564216
4448058
4454722
4572320
4419342
4453544
4532132
4456914
4453346
4655614
4440788
4595508
4550390
4469064
4589058
4552220
4469274
4629490
4567732
4480944
4553920
4585648
4489386
4566550
4575484
6734422
6613920
6635184
6561028
5157400
4874772
4858516
4849040
4918216
4916206
4811130
4863546
4854760
4843970
4849502
4855298
4860586
4848058
4822654
4816926
4733104
4793180
4751540
4741196
4751494
4743838
4754782
4738150
4745050
4736354
4744384
4599136
4525302
4534946
4612408
4525672
4610904
4631656
4532564
4537360
4527948
4524590
4686150
4535278
4548682
4621302
4548382
4543620
4626746
4557320
4734978
4687384
4569832
4566940
4759044
4562188
4563350
4692648
4567808
4550978
4694346
4626198
4706364
4643236
4564632
4564152
4645376
4561794
4576038
4717324
4574886
4584778
4573308
4575042
4569648
4585178
4574516
4582126
4782520
4571486
4587662
4665550
4596230
4585992
4660976
4596738
5004120
4715198
4682242
4839718
5022084
5193138
4837906
4827420
4944384
4839700
4833748
5123528
4961562
4852500
4837342
5063116
4934914
4840012
4932392
4931998
4841290
4928590
4987130
4938162
4882728
4936168
4843074
4849482
4881050
4890416
4612056
4629098
4748414
4615118
4708786
4706804
4634702
4695016
4693546
4639704
4721854
4752270
4628618
4622986
4749440
4630332
4630610
4742500
4709522
4637920
4751548
4812146
4639756
4718070
4715600
4640914
4768516
4731202
4640776
4766754
4741506
4730020
4776692
4851634
4669466
4999334
4886912
4892286
4895336
4921296
4906740
4901736
4820758
4750552
4654454
4793900
4799404
4673172
4671246
4755510
4680224
4668064
4748316
4679760
4677048
4859426
4681042
4671912
4783874
4684946
4673782
4771386
5010248
4728612
4803266
4778484
4693060
4760690
4684460
4689712
4691438
4699072
4686672
4695980
4842108
4803178
4681586
4703402
4782580
4700094
4776740
4702126
4701646
4807246
4808242
4705220
4863560
4710822
4691716
4719242
4716524
4715728
4705978
4835772
4871156
4705122
4783804
4717296
4734592
4789858
4732586
4719586
4804992
4798592
4704824
4719922
4740374
4719348
4715398
4882490
4855876
4722136
4835744
4852928
4741232
4810336
4832798
4751062
4752568
4852864
4740786
4832170
4891148
4908768
4745398
4838812
4772108
4742294
4818582
5677644
4977994
4900214
4870148
4891202
4778384
4852076
4826504
4768516
4766538
4882786
4836344
4960328
4902948
4869682
4756926
4895938
4848478
4761016
4758280
4855260
4867176
4773098
4845850
4865494
4787834
4894262
5067914
5254176
5044626
5116648
5112948
5046334
5046946
5039574
5113112
5036740
5066302
4922148
4784240
4900504
4922402
4796118
4791802
4902614
4878130
4805588
5014246
4818298
4807698
4843010
4878774
4819840
4812832
4877240
4881272
4813142
4894270
4892372
4809240
4823888
4915902
4837546
4819766
4917204
4852972
4826038
4891450
4920534
5852594
4834460
5050350
4932246
4868194
4928526
4902440
4841042
4839886
5023340
4851442
4853432
4962802
4988714
4844576
4969296
5053226
4977600
4968170
5055500
4949722
4871248
4960920
4937264
4858758
4858950
4924110
4947124
4858032
4877972
4939150
4873062
4950424
4976876
4849326
4872836
4880512
4944710
4868592
5028410
4985006
4872230
4939584
4994146
4875808
4865702
4929640
5043700
4874044
4959894
4884276
4885952
4888718
4960608
6136058
4900512
5008248
4996312
4872780
4891744
4972116
4977062
4875076
4980434
4894132
4887892
4882096
4916186
5093070
4891134
4889040
4978920
4892050
4902096
5010796
4906416
4904500
5055172
4897826
4987728
5030798
4998204
4895400
4929722
5073352
5026446
4916196
5013554
5017528
4914392
4912088
5061496
5033260
4924816
5030896
5027136
4928738
4926264
5002518
5055942
4931692
4940262
5000576
4938930
4966186
5058542
5014448
5094842
5018340
5019464
4927446
4942448
4956580
5066196
4930936
5069306
5030148
4945188
4933028
5086026
4967294
4965256
5037572
5051974
4969152
4960700
5030138
5062396
4977042
5040808
5070414
4979536
4966852
5087188
5273742
5837816
5249460
5254314
5237408
5185876
5228180
5250146
5234912
5249070
5240122
5246940
5251650
5256524
5252528
5325112
5247268
5221404
5077528
5151000
5075174
5023446
5080766
5086652
4989976
5012320
5090214
5026672
4992064
5135070
5098178
5012674
5006762
5106226
5180712
5057070
5008966
5116968
5034644
5104118
5101526
5195134
5022272
5023958
5114320
5117392
5033112
5106552
5229550
5137904
5050776
5242586
5114162
5057692
5788338
5056512
5117518
5077372
5046506
5129376
5469036
5082546
5045874
5121000
5524986
5064110
5049288
5059416
5120032
5060850
5149538
5181452
5468460
5138578
5142494
6468936
5339884
5177040
5441896
5199318
5198406
5087544
5079396
5264802
5153204
5096672
5205532
5173582
5612764
5093272
5170640
5198134
5622716
5103116
5199850
5428400
5156438
5109258
5163958
5254768
5109314
5112398
5185780
5180012
5093290
5629178
5263224
5226512
5090912
5125674
5492210
5265508
5094366
5201498
5178034
5194456
5112686
5146066
5205352
5140016
5124306
5134342
5724660
5249938
5111114
5213272
5213358
5273144
5119650
5144772
5917146
5271220
5201718
5140270
5213994
5254288
5128878
5300846
6452696
5232624
5249500
5158036
5162204
5368298
5146130
5169046
5951260
5229944
5270096
5167828
5248298
5271470
5242188
5170300
5627958
5151938
5219738
5159014
5240066
5273432
5178746
5176546
5306914
5613928
5282214
5170778
5236420
5281414
5245324
5376722
5613022
5292422
5180208
5249128
5387886
5522930
5427410
5462696
5453644
5402970
5264224
5317172
5184934
5188838
5296714
5289244
5193436
5462390
5265062
5369334
5196356
5199772
5271212
5207262
5197874
5281718
5265622
5286880
5207878
5216294
5345004
5231854
5215470
5321080
5289728
5333868
5218958
5297718
5364042
5314170
5284592
5322518
5290106
5347928
5214316
5224308
5299326
5313428
5228852
5343138
5235930
5356484
5234112
5236514
5311916
5339052
5381434
5523592
5350066
5365820
5248934
5236146
5348930
5331860
5260452
5240092
5251480
5326286
5254022
5248118
5323366
5367970
5253092
5263064
5334910
5334902
5264708
5257446
5374502
5269288
5342448
5237858
5325352
5385576
5340618
5253720
5360298
5356280
5581338
5261484
5263220
5352236
5277810
5260418
5266446
5357242
5350338
5454974
5272312
5368470
5398368
5469868
5277214
5283558
6697076
5395922
5774208
5451886
5290292
5414934
5406462
5399050
5365328
5329826
5370390
5425314
5296306
5299502
5367734
5386084
5518502
5292390
5368714
5392742
5384806
5292402
5299736
5390586
5400446
5295812
5292798
5408924
5453110
5389962
5305858
5445604
5582954
5387616
5309952
5324828
5461296
5396346
5315348
5332498
5397172
5395514
5392434
5331294
5336066
5394388
5406138
5414016
5331836
5414206
5443756
5418816
5326274
5339496
5347046
5420888
5341576
5325328
5412048
5584188
6073102
5352900
5331914
5481828
5436922
5430992
5348026
5411326
5446346
5438562
5346248
5365410
5435750
5479148
5494730
5361346
5500614
5365284
5507894
5370314
5363070
5437664
5367246
5449848
5362244
5360084
5474228
5454614
5442744
5367230
5368746
5499696
5464874
5367974
5360808
5473008
5636240
5463676
5385554
5511798
5478136
5572332
5542234
5409132
5517188
5459928
5489768
5390036
5387606
5545744
5477580
5525244
5410386
5475638
5493416
5493032
5475660
5414902
5392096
5505458
5419206
5420274
5395914
5429990
5503112
5411214
5413498
5556272
5574822
5514078
5420446
5429404
5509650
5441014
5501148
5427388
5431404
5493732
5525530
5518526
5430674
5440896
5504442
5457030
5485728
5429728
5506960
5576884
5521510
5436390
5426964
5537518
5527476
5441400
5435452
5455730
5535798
5568400
5524436
5456540
5542902
5456748
5524468
5476652
5512384
5529524
5557344
5557868
5459880
5444460
5524442
5486774
5614432
5456054
5446770
5568260
5578382
5587260
5447292
5503134
5594842
5557716
5539626
5483198
5595002
5553310
5542136
5572646
5470608
5553430
5572968
6154704
6869782
6017826
5913118
5758688
5770024
5878064
5916368
5652342
5586310
5515076
5596932
5582364
5623166
5579314
5531306
5648172
5631516
5591748
5845082
5528570
5511812
5582426
5692576
5615304
5513938
5536134
6425378
5910360
5881426
5860248
5842184
5827666
5852026
5608886
5690588
5561036
5532008
5536832
5645822
5681892
5623478
5521258
5559180
5644534
5623972
5624824
5580342
5560524
5707110
5676120
5675440
5564078
5627198
5634564
5675606
5670262
5635060
5550632
5670940
5707996
5716354
5669298
5595878
5598044
5661062
5638350
5685244
5595402
5569536
5808422
5706592
5720052
5624626
5563778
5730082
5882178
5705658
5750250
5636328
5612388
5669618
5701814
5702922
5626826
5601328
5668766
5717894
5636318
5693154
5598066
5784490
5720078
5727916
5687712
5644588
5643378
5696796
6001350
5663092
5768562
5619146
5643340
5733454
5663204
5699812
5602408
5659936
5896532
5624418
5693232
5679718
5661082
5718900
5640966
5780526
5733342
5626768
5626642
5682952
5863056
5638206
5632910
5688162
5786130
5779192
5796308
5774282
5679970
5736142
5736294
5814912
5772410
5800038
5705492
5674760
5812634
5757246
5820846
5821006
5696390
5781218
5827334
5764406
5779760
5688490
5710294
5762134
5699426
5768424
5734012
5692912
5701236
6001716
5782802
5831414
5779804
5740488
5706364
5819856
5807068
5884178
5733920
5759700
5846818
5884414
5923908
5888876
5857558
5766668
5709170
5874390
5728868
5892932
5815680
5776110
5724864
5842948
5813148
6101454
6485664
5852196
5734648
6201078
6124520
6153138
6856058
6178116
6130400
6156882
6170506
6025154
5819782
6040598
5894734
5976496
5877870
5787878
5758894
5911986
5865916
5981246
5861358
5779940
5758122
5870936
5877280
5881620
5849416
5798136
5754432
5908438
5952528
5876772
5877918
5846242
5755660
5884122
5874210
5896194
5844424
5882456
5761788
5834884
5994286
5924330
5859724
5884024
5853284
5836146
5891516
5892762
5853140
5824184
5777056
5807184
5861416
5902566
5853684
5893608
5780652
5816974
5979962
5890216
5898384
5827168
5861452
5818558
5867622
5910280
5881038
5903116
5803874
5822232
5794130
5915682
5912450
5835726
5878110
5831624
5801676
5915822
5884902
5910678
5804986
5839294
5797964
5919914
5926476
5860488
5878574
5854122
5815156
5923332
5824770
5934412
5819750
5967212
5816702
5849296
5897176
6003762
5897938
5856504
5816212
5853482
5814166
5939140
5898088
5945670
5870450
5943870
5859922
5992496
6010642
5867286
5901732
6006506
5821380
5930468
5829052
5944758
5910434
5975390
5842770
5953634
5914218
5954170
5924452
5954982
5888026
5875628
5838824
5967164
6137478
5963270
5953742
5881452
5844334
5966072
6035038
5900080
5940248
6048952
5855400
5965634
5933282
5965500
5954322
6592454
5862434
5886244
6124722
6196862
5941944
5994206
6059422
5991524
5915042
6011572
5862884
6171448
5875858
6024708
5957772
5987970
5882192
5910396
5965528
6003752
6011834
6005526
5958334
5929470
5883198
6010566
5974446
6009802
5900372
5927450
6040406
5954118
6097114
6988332
6281550
6329696
6208328
6284534
5954612
5956132
5913530
6224064
6242122
6342254
6326924
6132528
6196668
5957038
5902268
6154988
5998786
6087502
5991710
6082692
5928080
5974134
6229340
6482426
6332830
6250260
6281094
6360362
6053118
5971058
5927562
6086488
6006410
6047172
6028380
6056930
5939008
5991694
5978042
6108344
6014074
6103072
5946454
6059476
5935610
5987048
6025582
6061446
6019156
6000508
6137762
5990770
5956036
6081386
6114148
6079210
5968926
6081242
5966078
6002614
6079414
6095004
6262102
8461814
8600180
8597038
6464030
6411656
6436302
6495404
6437458
6473594
6292814
6247118
6343270
6128368
5986228
6044714
6199640
6328004
6353884
6341900
6321532
6125680
6080104
6031578
6277060
6307002
5999052
6120396
6007838
6153110
6078376
6086472
6000426
6030736
6132964
6136234
6081644
6126192
6074124
6049480
6002276
6161452
6079176
6169484
6195864
6799202
6304642
6249086
6128786
6126150
5999996
6139102
6344132
6268528
6224328
6285494
6208236
6174836
6029936
6070590
6024270
6138306
6029990
6216790
6155622
6171876
6027230
6077672
6144136
6144966
6108160
6163042
6145608
6155032
6030410
6312640
6236586
6206564
6137216
6163264
6126010
6199140
6038220
6080372
6123878
6205070
6262190
6186666
6135616
6103160
6237340
6119460
6056962
6183024
6070718
6208120
6143804
6185934
6065984
6115518
6067890
6119486
6151184
6130102
6512976
6426914
7160562
6306574
6269674
6286052
6354136
6300400
6175566
6224760
6293274
6508990
6482206
6481420
6442860
6216250
6086204
6691730
6091434
6240334
6179552
6217370
6214578
6229916
6180834
6215048
6098348
6238496
6241422
6160446
6222756
6231414
6229662
6240754
6110918
6155296
6113330
6234358
6123866
7156288
6437342
6553974
6192068
6367742
6116852
6179912
6117890
6286826
6235476
6259708
6200288
6266420
6246614
6176428
6345536
6179910
8241304
6289172
6421632
6555864
6294814
6330006
6239368
6377016
6302614
6385824
6285138
6197470
6295606
6469994
6180780
6373548
6198096
6337958
6257162
6292124
6281426
6215644
6185270
6232378
6288740
6767886
6517172
6555618
6546526
6500542
6316754
6235830
6339412
6342020
6189630
6555480
6623468
6355690
6195876
6322864
6312328
6394934
6213970
6276188
6225790
6230686
6323858
6374674
6318020
6331272
6304020
6335876
6356452
6338116
6292210
6256220
6359240
6476072
6324068
6382438
6341594
6338256
6238904
6366434
6256046
6252746
6231302
6474776
6532460
6401574
6352146
6348950
6347374
6283626
6321636
6288074
6280456
6304504
6321688
6381648
6579582
6366708
6237088
6393808
6298108
6388788
6244386
6307482
6370564
6426744
6408286
6385794
6703744
6769246
6735944
6438222
6511284
6613888
6391384
6628188
6320526
6412138
6261104
6496842
6452720
6438904
6466476
6408854
6386852
6317420
6338908
6402200
6298834
6322758
6466808
6461268
6451020
6444856
6388162
6448934
6446702
6396502
6447856
6395752
6350952
6325832
6348546
6460146
6410556
6487574
6371616
6418420
6335848
6459120
6302758
6647136
6490902
6348630
6365370
6350126
6424294
6360468
6422914
6457984
6423568
6467590
6303626
6373158
6348590
6360370
6390892
6376658
6438086
6436270
6384820
6368114
6483396
6368782
6312362
6451284
6370684
6499892
6524270
6890364
6773472
6597092
6447124
6763390
6703670
6728438
6399986
6572260
6690492
6616706
6327516
6419022
6777924
6451316
6450006
6397932
6451956
6477420
6424476
6414268
6384938
6385340
6474568
6509138
6488652
6501368
6471460
6485660
6471898
6484154
6483424
6479822
6381088
6475636
6503468
6479046
6478560
6484114
6463766
6408756
6593722
6625022
6435404
6491922
6400210
6411210
6361246
6420394
6485986
6491850
6504310
6514108
6488294
6424894
6444676
6502424
6414464
6417820
6399856
6504406
6407402
6486216
6368436
6493396
6413756
6536734
6376040
6545534
6417564
6431294
6438258
6434620
6508816
6503568
6490860
6437466
6535944
6432442
6463070
6443642
6429770
6438890
6562540
6559294
6450738
6560324
6486046
6569216
6449602
6518488
6392716
6523728
6507074
6447360
6391852
6611694
6534574
6568176
6521338
6576854
6536602
6535854
6398568
6541754
6605898
6463176
6409014
6461892
6570096
6762518
6492960
6556370
6545608
6558442
6554172
6482970
6552362
6486654
6753456
6473776
6474404
6472230
6556666
6594852
6615016
6665020
6536282
6585500
6487302
6577214
6559928
6582970
6581794
6493512
6484224
6581694
7264000
6781458
6610262
6594676
6901708
6844954
6904678
6848212
6899172
6838116
6845098
6651094
6526050
6639922
6591722
6599736
6517914
6513002
6587394
6521974
6629144
6518140
6651836
6605110
6711986
6607958
6611942
6613724
6614852
6617676
6646512
6615316
6537912
6532358
6535360
6806354
6695710
6662888
6766794
6815324
6715256
6662028
6633250
6677074
6648880
6672992
6644418
6638740
6569750
6554568
6564378
6656216
6550488
6568432
6718564
6585060
6647116
6584472
6653288
6603518
6701342
6586696
6655470
6697460
6659782
6580274
6586568
6601674
6579752
6703610
6668446
6715782
6665798
6704292
6762666
6695524
6680244
6715262
6617098
6682384
6607778
6672946
6593434
6608454
6593612
6594240
6690734
6682680
6699102
6700780
6696086
6737406
6820556
6771658
6789942
6783334
6713700
6730088
6722026
6752720
6768098
6701780
6635832
6650578
6636460
6970804
6681112
6664772
6736704
6741460
6754682
6734924
6766774
6713094
6718756
6742912
6792878
6643520
6732690
6668994
6764646
6638744
6731986
6654480
6647616
6645702
6645280
6753562
6667670
6766724
6739160
7012842
7149716
7017672
7002622
7103032
7012736
7069070
7014152
7082762
7015762
6981082
6682156
6874124
6689568
6916668
6702660
6815176
6691552
6794194
6700560
6773554
6691648
6755658
6683094
6716824
6710050
6835688
6697610
6841598
6781444
6752884
6824328
6727304
6816574
6710160
6791772
7579098
7124896
7078902
7099748
6985398
6795234
6716856
6821480
6735800
6823450
6726062
6807212
7163076
7145756
7028162
6809252
6824814
6831004
6799984
6775374
6763762
6756166
6729458
6743968
6824918
7020648
6819408
6827868
6834824
6850668
6825688
6829280
6769552
6929836
6752738
6965266
6789900
6877704
6758560
6839990
6787004
6911186
6760406
6842194
6780218
6880400
6820846
6849892
6788720
6762816
6756302
6774688
6864060
6767998
6892912
6945620
6875258
6853474
6893248
6881226
6893328
6789850
6857056
6801544
6923980
6858216
6895388
6878620
7428534
7320804
7186350
7267482
7183626
7171542
7086286
6910930
7181280
6998126
6915654
7164350
7175776
7232942
7092224
6892176
6838816
6893736
6803474
6903376
6902300
6892524
6819896
6958454
6858452
6932496
8053282
7199558
7170312
7265420
7067246
7063788
7034006
7685800
6919534
7080036
7044882
6949454
7049386
7174722
7055694
7024138
6949874
6948786
6980162
6932588
6978088
6943036
7096730
7090590
7050592
6998960
6998544
6953896
6968918
6955214
6974438
6960376
6973978
6967530
7001830
6954314
7138236
7142494
7086780
7053128
6964284
6922444
6979776
6897042
6954216
6918476
6890394
6882922
6864354
6905478
6905188
6965790
6882968
6910796
6909088
6980836
6979338
7025486
7061072
6915334
7001274
6999732
7166580
6915798
6970516
6943794
7028906
7002892
6974518
7042742
7115722
6987532
7056364
6943460
7044234
6999938
7033314
6946300
6998184
7009638
7021446
7008468
7042618
7069184
7027046
7084802
6999338
7084264
6999290
7018960
7006414
7012270
7042510
7027916
7114236
7054312
7000598
7071566
7096528
7050018
6943394
7101214
6968896
7055558
6950606
7057416
7046400
7051998
7024488
7094044
7046344
7061872
6941384
7051468
6977558
7031766
6946112
7088660
6967558
7084280
7034732
7047688
7053872
7050966
6964356
7097246
7357248
7573534
7242624
7217606
7170352
7199736
7218972
7354422
7329902
7345818
7271192
7352066
7337966
7033940
7033406
7074374
7119200
7070808
7084556
7009068
7080824
7066086
7088414
7165668
7166614
7260596
7194082
7158104
7106324
7058488
6990514
7017538
7007334
7016898
6994014
7022128
7163140
7072986
7006824
7029730
7011326
7016228
6992862
7021868
7032180
7010880
6999544
7024448
7017376
7005088
6995842
7023420
7019440
7015948
7006482
7025208
7028080
7027362
7010822
7037930
7026744
7025258
7013928
7041308
7032888
7047778
7023156
7039314
7032190
7037832
7023606
7132466
7032196
7180786
7033114
7126772
7043804
7112818
7030898
7132802
7044826
7110884
7099612
7205136
7058146
7126978
7107738
7147548
7130356
7160984
7117734
7145708
7155540
7172826
7309002
7238976
7176782
7178332
7122400
7389946
7076872
7141746
7054788
7166020
7177296
7153624
7072876
7207918
7157894
7187824
7096334
7180966
7166978
7152496
7218500
7172568
7098030
7194534
7197752
7218932
7249126
7082990
7088176
7182282
8074848
7467798
8003478
7567920
7531356
7532562
7529978
7259852
7550166
7454846
7335724
7479138
7471598
7460686
7351554
7216694
7190630
7237356
7098220
7209820
7121956
7191054
7295680
7242484
7225182
7235776
7294548
7323608
7132930
7197636
7270428
7213514
7214542
7206246
7298546
7387968
7200546
7235836
7187690
7250388
7213442
7196634
7110220
7265094
7252160
7252064
7126070
7147380
7139388
7146632
7585196
7269292
7227638
7138238
7256628
7392172
7227594
7218798
7300374
7250548
7239776
7237406
7316602
7284736
7234894
7236074
7307598
7371652
7329656
7235724
7273586
7293176
7399020
7244794
7272738
7305890
7170538
7166562
7306966
7274890
7316200
7402268
7309812
7388278
7332870
7313894
7759816
11063738
10568288
7894870
8009794
7845000
7834690
7764580
7749976
7759974
7491272
7784514
7702150
7663454
7649744
7433518
7422712
7466886
7654738
7650814
7624552
7569338
7293760
7203526
7283756
7229984
7296456
7285212
7209600
7304758
7303746
7316858
7403280
7851974
7545428
7587704
7301422
7588446
7437106
7602272
7567688
7614930
7531384
7267198
7288536
7333186
7317886
7240394
7301080
7256356
7319096
7264268
7344538
7333546
7363538
7543900
7304166
7341822
7338028
7339258
7246060
7271956
7400132
7461084
7307890
7385410
7413814
7549780
7319204
7357780
7273178
7341574
7259226
7371738
7283190
7392168
7265538
7359574
7286844
7354708
7274022
7374464
7298452
7390226
7352586
7428202
7296282
7298964
7276938
7305852
7383528
7323578
7361162
7326318
7378258
7298914
7370626
7408752
7466536
7385906
7366736
7405596
7402140
7391522
7370018
7402228
7393292
7386852
7527876
7491158
7427328
7315900
7402894
7351870
7407408
7487102
7401666
7427372
7460360
7417116
7389846
7439108
7412294
7347894
7400412
7504026
7470242
7875552
7630886
7474816
7579208
7777736
7713978
7566152
7804548
7740304
7653358
7744140
7758240
7475030
7456778
7372656
7355810
7355918
7350018
7461068
7368922
7473282
7354690
7501184
7449704
7502956
7912278
7808384
7758022
7684382
7449150
7601226
7751122
7754910
7725390
7549378
7783698
7756310
7588558
7406418
7459400
7453692
7499270
7477296
7390526
7381118
7451790
7555428
7509476
7513904
7471394
7534806
7481770
7500078
7527188
7569950
7521118
7634702
7712812
7700576
7494614
7404558
7560442
7555116
7514884
7525772
7480754
7551630
7501284
7489958
7498548
7513234
7504158
7572906
7507730
7523746
7508934
7435994
7426934
7441254
7555230
7432506
7541816
7522538
7565282
7527622
7504578
7487524
7556950
7468934
7604606
7577856
7579124
7473058
7445176
7590858
7461984
7558630
7452652
7675696
7628018
7579962
7575036
7585618
7550696
7599846
7619894
7592948
7612016
7483978
7641494
7644668
7637072
7494636
7536728
7575584
7567032
7642100
7558922
7587242
7579560
7606156
7559296
7581028
7542734
7639322
7571044
7684840
7587212
7615240
7573478
7633782
7501926
7579664
7497248
7647842
7578140
7505410
7567806
7596148
7618972
7586680
7608816
7761788
8638828
8009206
7869808
7843066
7895886
7894594
7732692
7910692
7655388
7714754
7891806
7976038
7902682
7535598
7623928
7681786
7654276
7792116
7746778
7567788
7748686
7634230
7597920
7643306
7633426
7553514
7618244
7682744
7628556
7677868
7614546
7754904
7789470
7631670
7543318
7650116
7565386
7641124
7535926
7578510
7680298
7566332
7625034
7581560
7644416
7658752
7627254
7712982
7594354
7684696
7640054
7591796
7905362
7574138
7691708
7672586
7705566
7658426
7692528
8194350
7672606
7718252
7677622
7608126
7591644
7665862
7580308
7820038
7672676
7670544
7573472
7693894
7605726
7680338
7584710
7624536
7637484
7679542
7742894
7736894
7683158
7684038
7667450
7619666
7684818
7763990
7696684
7631544
7676748
7691858
8071296
7744272
7613762
7684928
7591198
7705516
7628058
7732560
7689508
7650736
7692662
7626872
7694174
7722990
7773784
7702992
7684320
7721162
7710328
7706762
7615370
7727650
7711370
7707734
7699668
7836546
8529140
8038792
7948784
7818176
8028060
8043804
7947070
8003514
8043760
7923920
7956918
7971546
8063478
7735134
7715178
7767288
7784330
7733460
7767350
7934754
7864836
7681060
7732388
7764678
7686728
7766082
7731288
7787646
7770700
7956084
7887694
8034854
7807562
7765844
7782132
7784590
7773556
7691940
7788512
7790446
7790824
7768800
7678290
7824986
7765656
7768158
7682632
7777926
7700100
7797044
7752372
7800280
7712288
7796878
7771104
7796656
7790664
7707828
7799512
7802606
7834370
7920072
7711180
7804800
7784876
7778654
7768176
7726940
7806924
7789516
7813646
7802828
7900410
7720226
7851788
7828806
7935528
7813188
7783564
7877376
7862322
7806964
7786444
7833398
7756308
7810732
7734304
7940220
7740080
7858010
7798710
7881456
7750524
7742830
7794158
7763702
7879684
7752278
7813248
7770752
7837570
7762252
7747890
7840864
7857188
7885318
7748340
7857328
7840922
7847768
7807654
7894918
7956520
8095216
8306278
8070620
8205802
8171542
8138540
8183968
8058650
8170944
8030890
8187966
8258122
7851124
7748322
7900448
7782958
7872062
7851008
7870280
7945710
7878028
7878710
8064228
7939356
7795968
7840418
7820886
7997722
7934324
7847422
8163106
7944988
7788000
7863050
7823744
7889058
7802490
7871928
7906172
7919556
7911970
7854716
7949872
7885728
7932440
8084254
7919814
7898304
7802442
7871192
7832680
7926722
7901878
7913946
7993504
7938692
7904692
7815010
8041328
7908638
7830936
7887972
7930820
7983084
7917630
7889022
7919214
7931668
7928356
7906016
7952684
7931996
7936326
7921100
7866070
8010204
7945420
7954644
7990634
7936086
7996062
7916156
7967832
7962056
7962778
7934172
7960364
8777688
8364276
8112592
8351158
8349438
8337574
8389558
8363246
8280894
8275662
8134866
7966570
7955614
7891980
7934900
7910870
7898620
8005738
7952750
8016654
7969634
7989708
7930348
8027254
7976550
8566064
8265456
8307098
8306722
8180638
8081202
8185182
8288756
8153770
8247610
8342346
8233856
8300584
8008796
8192762
9010404
8398002
8241310
8318614
8297258
8108478
8372086
8368592
8192380
8044068
7979144
8058518
8055174
8190040
8123328
8024310
8011504
7934774
7990400
7956502
8014700
7925404
7982156
8077826
7952048
8022750
8002452
8184088
7955102
8035284
7987998
8054380
8029956
8034170
8117880
8075888
8162830
8078612
8115920
8092960
7976046
8038414
8008170
8132378
8024612
8051678
8094320
8075050
8117506
8058756
8214116
8069380
8063112
8173456
8105114
8090838
8047988
8098070
8146560
8272396
8101336
8103916
8164166
8169332
8135388
8030938
8234646
8280970
8263866
8083930
8123842
8107962
8000136
8011866
8129066
8031042
8136420
8087966
8159714
8035778
8015352
8131438
8552288
8157760
8104990
8342234
8301716
8138498
8140018
8589246
8254504
8126454
8116132
8115886
9158594
8747600
8441970
8409208
8644376
8421390
8487040
8457570
8330342
8483460
8409396
8588630
8525960
8513608
8402406
8608172
8329310
8223510
8166808
8369754
8144682
8139708
8440698
8194030
8864216
8472954
8507654
8633402
8490708
8650062
8480392
8680968
8488006
8609832
9011874
8558378
8559724
8488148
8339616
8560592
8426266
8649980
8481852
8271432
8563612
8509526
8441140
8679800
8562322
8410098
8735782
8612136
8629838
8624518
8434128
8201994
8304276
8381214
8180058
8427298
8164618
8216602
8168966
8392730
8212148
8179652
8220482
8353842
8193204
8434454
8231872
8221774
8209396
8434008
8199014
8448808
8379900
8206844
8436794
8228302
8235934
8355094
8469092
8487294
8229710
8530626
8230088
8357000
8205116
8226276
8331954
8583572
8474622
8285158
8410800
8358636
8275428
8217738
8254632
8220014
8249938
8243352
8260978
8563012
8260806
8229870
9081974
8680518
8419474
8623196
8561796
8574804
8772470
8577724
8642718
8765612
8538148
8626652
8408726
8420836
8549068
8255838
8372522
8410670
8278128
8435492
8250380
8287578
8463328
8287636
8444434
8359490
8581468
8488320
8463444
8302866
8313116
8474040
8293742
8262896
8594728
8267450
8228702
8461194
8585988
8262456
8491694
8453770
8260600
8309554
8305730
8537322
8459756
8310642
8293644
8490020
8498934
8279230
8302878
8425000
8348592
8600740
8310572
8274220
8339836
8319390
8289748
8516580
8287300
8322908
8560606
8283124
8325132
8496524
8321968
8327932
8491880
8401386
8336592
8333958
8369276
8333638
8311780
8651284
8357720
8343712
8364250
8351386
8656872
8359890
8650474
8366556
8329292
8674110
8314504
8314884
8683198
8322074
8605884
8320828
8574638
8337220
8318766
8671826
8328008
8365876
8612776
8328254
8416728
8375414
8333860
9043982
8921658
8849062
8684360
8686510
8545070
8679934
8687542
8694390
8686374
8688534
8696458
8694730
8539574
8350326
8510616
8595822
8554034
8366906
8364696
8284250
8361170
8372998
8486760
8376606
8401714
8546608
8374068
8368986
8284722
8363988
8350736
8301184
8374330
8303112
8381574
8381776
8302970
8375710
8295978
8380196
8293588
8366270
8450888
8300910
8401238
8301912
8429544
8393070
8297476
8393322
8328180
8400656
8389680
8407090
8391174
8333660
8395632
8315736
8319356
8478048
8382812
8486892
8399150
8400020
8404370
8401006
8408178
8416160
8502062
8417016
8434108
8801314
8414782
8408302
8328970
8405660
8412732
8415536
8486670
9419020
8682304
8874870
8937488
8858856
8749232
8698604
8468886
8428586
8485682
8365022
8436064
8350228
8420242
8434256
8518636
8474556
8434174
8471726
8470612
8482220
8477266
8503926
8468612
8431522
8845844
8722156
8896946
8787694
8745496
8797828
8786696
8720188
8762728
8747798
8669108
8666640
8776034
8470420
8455648
8574068
8538028
8637756
8474316
8490808
8459612
8471522
8592304
8480982
8518368
8697342
8546434
8469392
8488212
8467054
8476196
8551334
8501214
8393948
8470374
8481980
8551346
8521804
8606990
9130064
8738632
8681654
8495938
8429842
8586350
8510572
8507802
8542746
8565586
8502390
8498610
8431738
8498806
8509644
8507726
8507198
8427370
8516136
8444908
8445140
8667506
8518204
8507456
8687264
8581816
8521298
8534826
8621514
8567292
8528168
8538156
8579036
8520662
8534018
8539146
8535920
8683574
8533214
8582292
8539938
8523652
8545200
8539946
8465776
8775850
8645358
8595538
8555680
8539166
8558134
8487214
8565918
8596244
8476388
8558710
8502652
8558400
8593718
8562050
8554840
8555010
8578768
8605758
8888620
10429994
8948530
8618682
9163686
8809272
8608406
8791388
8772026
8791530
8895296
8776764
8928552
8843308
8858452
8945310
8852862
8873520
8693990
8801942
8513954
8587964
8628852
8599028
8710388
8745420
8563654
8608736
8536484
8595326
8534188
8536302
8651696
8599950
8655914
8539874
10892760
9236456
8555860
8540608
8621486
8541844
8671474
8635106
8557026
8664316
8547426
8623892
8631592
8650034
8631274
8552274
8638202
8632960
8716428
8721066
8572558
8641544
8680778
8574772
8653478
8588940
8600804
8699482
8588834
8648134
8733668
8663016
8650918
8664968
8659838
8678514
8820332
8709040
8679670
8697036
8894410
8594438
8688328
8701080
8676230
8730364
8692496
8702714
8753754
8682738
8769920
8633154
8708272
8694076
8698124
8735226
8927032
8634792
8697264
8624914
8719046
8710188
8728988
8809764
8652160
8770522
8786824
9616558
8842464
8971396
8813572
8840256
8798872
8936158
8912266
8660488
8734612
8657220
8661508
8747598
8669666
8869676
8775916
8739664
8780416
8741886
8782454
8957220
8744288
8737606
8928762
9010882
8791090
8789474
8799672
8839280
8787346
8788384
9627050
9064428
8889376
9079458
8910198
8910580
8907182
9001070
8800734
8695242
8766134
8787624
8704720
8807852
9390630
9139184
9050332
9044494
9163098
9132406
9151946
9026126
9181982
9087512
9051842
9219448
9139130
8931926
8897532
8884728
8808120
8903680
8874820
8835736
8802488
8831688
8797836
8810410
8800402
8833714
8877404
8985398
8812890
8728270
8803744
8746048
8723200
8792944
8809228
8850614
8795686
8735104
8848200
8733698
8754414
8841654
8740598
8819004
8896164
8734990
8862434
8817672
8748250
8814302
8871564
8865278
8854942
8849056
9080650
9554202
9017734
9081608
9074878
8852624
8933068
8865708
9248478
9172442
8764992
8824740
8951932
8769160
8909672
8913932
8834018
8853120
8844564
8876536
8961890
8774808
9033616
9256320
8851406
8861004
8785466
8872940
8853406
8859974
8850950
8846276
8848432
8889046
8950146
8863762
8863092
8798600
8899464
8964942
8874666
9024096
8875814
8948162
8803530
8921824
8912218
8872016
9422242
8813068
8882818
8876806
8879080
8894006
8803092
8814602
8889200
8901558
8899184
8811972
8895454
8897800
8977130
8893048
8902118
8906128
8966950
8932840
8913672
8932286
8900788
8887030
9128616
9061824
10452736
9381210
9485878
9272986
9372228
9190658
9194554
9043052
9247716
9177430
9111522
9204432
9030626
8928056
9274178
9223548
8858910
8928074
8862040
8983580
8936852
8863654
8940264
8981470
8876958
9676490
9344280
9312568
9335872
9143600
9316738
9410636
9315094
9199984
9101644
9206006
9164004
9228378
9311740
9412388
9416792
8997400
9074926
9008384
8981606
9009558
9088044
9105530
9003028
9006530
8979090
8983278
8966332
8990298
9046044
9435934
9003084
9003668
8978200
9004824
8967420
8921274
9020110
9048184
8899826
8984864
9065204
8917980
9419648
9292814
9086402
9017908
8992050
8917660
9154500
9042876
8924766
9045950
9158070
8949434
9140600
9026860
9022162
9130580
11243266
12686940
10299944
9804042
9574326
9481086
9348092
9592254
9435830
9300632
9410956
9438870
9245688
9223456
8959156
9161982
8983294
9391598
9413890
8987444
8982628
9003974
8967862
8990772
9141012
9139396
8996876
8998960
9000622
8996114
9023280
9014690
9060660
9070468
9073486
9062056
9076998
9215192
9655270
9620006
9480986
9124796
9529080
9279662
9262918
9315670
9532538
9459582
9452578
9312404
9232948
9364424
9114048
9082422
9099972
9020210
9108902
9090228
9017890
9258892
9112852
9017840
9023838
9030862
9026694
9035326
9108254
9109150
9116326
9100286
9107894
9110756
9771296
9306776
9043594
9396064
9046816
9039114
9026196
9109284
9065256
9112806
9064664
9038960
9045146
9038830
9057162
9122712
9199680
9046746
9126442
9121930
9149190
9060546
9066306
9079582
9070270
9127778
9228100
9226176
9145106
9148156
9156344
9069100
9293918
9085024
9167246
9096326
9312216
9088190
9106124
9093928
9090092
9173570
9317394
9165592
9181716
9170552
9179204
9090572
9093000
9169188
9125272
9143232
9198906
9104116
9126030
9102702
9203492
9267104
9259302
9109020
9177808
9176518
9332924
9279646
9817632
9628166
9601722
9721798
9445808
9438682
9589082
9585408
9515012
9138938
9239160
9287868
9473646
9358074
9412862
9142122
9137910
9225584
9307050
9412056
9489332
9262472
9227376
9223230
9235642
9151382
9168622
9233222
9154270
9254800
9245508
9157788
9244456
9140760
9164956
9168686
9308940
9166756
9171052
9161438
9184420
9321962
9264606
9187002
9250764
9253702
9409742
9180076
9187032
9188010
9191206
9286860
9281212
9178856
9200664
9448148
9204036
9195838
9202158
9358574
9274574
9344276
9287466
9213444
9361822
9471700
9435928
9485706
9405926
9286620
9310024
9332668
9416728
9295204
9288218
9371022
9443514
9297402
9319976
9312488
9388206
9339898
9315576
9307572
9516162
9611052
9353482
9489580
9359460
9355494
9477966
10244014
14588374
12880040
10808206
11438064
10931908
10537476
10348128
9995806
9988312
9971938
10004474
9984596
9875916
9741518
9807228
9835362
9832360
10687422
9682872
9580926
9862058
9750684
9686036
9694710
9460482
9627480
9655210
9684848
9776282
9663994
9538872
9658700
9400310
9360492
9529500
9483114
9895340
9585276
9477600
9316896
9395246
9430992
9455608
9383394
9396072
9295392
9378824
9448632
9328700
9393928
9466088
9318414
9509052
9381150
9311982
9413712
9464956
9381896
9570826
9408974
9393946
9529948
9396902
9313174
9410882
9414550
9324396
9728964
9694302
9687202
9707690
9679216
9855746
9869902
9796868
9886414
9800628
9806554
9779938
9410044
9405368
9493976
9346316
9773412
9416596
9451832
9537990
9535964
9652972
9417180
9463468
9673552
9438210
9452762
9520050
9918504
9766340
9725012
9580626
9626224
9695376
9732484
9557380
9573390
9541110
9440540
9556408
9564582
9479414
9485436
9485556
9638410
9580824
9701680
9437026
9453084
9444364
9372496
9379108
9452080
9387006
9443302
9464954
9458848
9458510
9558176
9390202
9421866
9463488
9464422
9474340
9462846
9378098
9511084
9465192
9393026
9399804
9497410
9405976
9489140
9484048
9412968
9494602
9472808
9578584
9469570
9515610
9733240
9476762
9488664
9662344
9701774
9544868
9527442
9502308
9579308
9540616
9480156
9901214
9654680
9426208
9494794
9502678
9501752
9503056
9490208
10017434
9809738
9721942
9696038
9558906
9906796
10007518
9783822
9801492
9519200
9448492
9550308
9632172
9602608
9553976
9624068
9458808
9602614
9671868
9560224
9728626
10113150
10048826
10238260
10129062
9974442
10129192
10056842
9805878
9828260
9660184
9870172
9662216
9815050
9852828
9846268
9735280
9833454
9718126
9712984
9477836
9549446
9480436
9461414
9550336
9561094
9474126
9563486
9733538
9554076
9486238
9553766
9559470
9496960
9507214
9647746
9497708
9604860
9573302
9479114
9510260
9559932
9495880
9480438
9580358
9580658
9566736
9696852
9586354
9513362
9584670
9573076
9521098
9586472
9581670
9593612
9715502
9592058
9605282
9636408
9591914
9753456
9777300
9598424
9655384
9745946
9544526
9608056
9612698
9530906
9613220
9590946
9527018
9616542
9655832
9528792
9629952
9610196
9634030
9544138
9628990
9618416
9561694
9611604
9631430
9677660
9735938
9733842
9620566
9623050
9631304
9654756
9664546
10145628
10177754
10213736
10224882
10201168
10232268
10136532
10045040
10115968
10084050
9810446
9923168
9896746
9836428
9647748
9705378
9849222
10080544
9925736
9808624
9929944
9760864
9757112
9655986
9663190
9786166
9591124
9581076
9664158
10292826
9866206
9823330
10060554
9607354
9712342
9781466
9676484
9688262
9686062
9673884
9588838
9758860
9884484
9602070
9717750
9768074
9609376
9721412
9631390
9896644
9710756
9620852
9697118
9783978
9689626
9700374
9698008
9733298
9692834
9698496
9698928
9739134
9880882
9631876
9649966
9720964
9626652
9647354
9714620
9849638
9708860
9758224
9754406
9631480
9716300
9717736
9722934
9724280
9719252
9653270
9647022
9756332
9651732
9744184
9766988
9779092
9732698
9922906
9725236
9758704
10063422
10456078
10319098
10008674
9941234
10071564
9931368
10042324
10029822
10156962
10254088
10065812
9993018
9967458
10082524
10052430
9736666
10169472
9961648
10160300
9880816
9693966
9689470
9762128
9698830
9785658
9779144
9822454
9762892
9777146
9775236
9691212
9785234
9808014
9716562
9712792
9813530
9712370
9805780
9829400
9891098
9805922
9792852
9870226
9740148
9817998
9801112
9807482
9785112
13222194
11607494
9813684
9746816
9833210
9853130
9813336
10003438
9813230
9820486
9815462
9849082
9945924
10499832
10340772
10145574
10216104
10263236
10266774
12966714
10260232
10254440
10340330
10073296
10046082
9959042
10095256
9862374
10272336
10023896
9834918
9852818
9906648
9848898
9761076
9968626
9970188
9779254
9936930
9901682
10013070
10798014
10087236
10011914
10288460
10298152
10277218
10295032
10295296
10271486
10171692
10293792
10262652
10090912
10232830
10188730
10435152
10372328
10458624
10294714
9904108
9819612
9890664
9879980
9825278
10023798
9916828
9894868
9975612
9903714
9914030
9822496
9895620
9982396
9946706
9894536
10028582
10179600
9945460
9904916
9925894
9915726
9920458
9902188
10013916
10047556
10048172
9958180
10050010
9985316
9863892
9920376
9972794
9933410
9979176
9998884
9930888
10057206
9949324
10058518
10104556
9945044
10081524
9978402
10096536
9888912
9958786
10029664
9872962
9961880
9961878
9861336
9953778
9958044
9968412
9878560
9986276
9980752
9989600
9980560
9970240
9913876
9899306
10073538
10070706
9973224
10000198
9994162
10087170
10329542
11079296
10427974
10150278
10203380
10386426
10310148
10153888
10166380
10309938
10247118
10021848
10170118
10399740
10191824
10288084
10085060
9923392
9919160
10020968
10040200
9936496
9997314
10045168
10032320
10024146
10037886
10028228
9939482
10048642
10053696
10095498
10017330
10339582
10705868
10789850
10784860
10747922
10957418
10456818
10147800
10232352
10223564
10236140
10336994
10224716
10225448
10326146
10051990
10292418
10034604
10218404
10052472
10097542
10075144
10201552
9992834
10089608
10144410
10352774
10384502
10098996
9983792
9978560
10095936
10136296
9978788
10063346
10104104
9978244
9983424
10164714
10082464
10000128
10053966
10072182
9993270
9993512
10059926
10077732
9997016
10079310
10148742
10108332
10172394
10087606
10232124
10123038
11401596
10338470
10554264
10493290
10291554
10291198
10365406
10204590
10357184
10369762
10284032
10393730
10111982
10303836
10508062
10225010
10383296
10158592
10157982
10111894
10202488
10152262
10179342
10030596
10113924
10151052
10105906
10144798
10166748
10139058
10059970
10127800
10130604
10122538
10246330
10127470
10116386
10240894
10231478
10205800
10069048
10073566
10120990
10139022
10076962
10151462
10133584
10153958
10139950
10147504
10298166
10230380
10237384
10195910
10169088
11489242
11014704
10824986
10700200
10607930
10589166
10593766
10481230
10493238
10595174
10597994
10592608
10595926
10606258
10582578
10060138
10170262
10323380
10162988
10344760
10248916
10233948
10341186
10262600
10528556
10264004
10189934
10158410
10188372
10188700
10223906
10626090
10599740
10392030
10472146
10581010
10570110
10729248
10734370
10495778
10428710
10526200
10623202
10606976
10739886
10552788
10256316
10487212
10504180
10609056
10682620
10651906
10249774
10283660
10287502
10303028
10504656
10432094
10449676
10341764
10252446
10237884
10266576
10234280
10297034
10282542
10177332
10184202
10283068
10287208
10195070
10258546
10346772
10219570
10286072
10269144
10272588
10197388
10397822
10256648
10447774
10326482
10394782
10285566
10299610
10286336
10295194
10210216
11526164
10884846
11020526
10592122
10585164
10735000
10754116
10809112
10755228
10729330
10751516
10739000
10374810
10367282
10263792
10234800
10337968
10724954
10335434
10234438
10357694
10318028
10435614
10323950
10329668
10359960
10315952
10366212
10891964
11097480
11074170
10711540
10600284
10594468
10764516
10578870
10594912
